{"transform": {"midsize_muscle_02-000": [[0.6891092909674958, -0.6233465814481856, -0.369550300364018, -98.65103767053274], [0.7246574260312768, 0.5927682589569319, 0.3514219772166969, 289.68390904620264], [-2.65927287928219e-17, -0.5099655190010679, 0.860194843875486, 14.412641389476558], [0.0, 0.0, 0.0, 1.0]], "midsize_muscle_02-001": [[-0.21782429463061256, 0.7750484426733418, 0.5931715503783906, -111.23659287364195], [-0.9759880002687922, -0.1729779262484583, -0.1323860278205628, 296.5756247063558], [5.294347118202809e-17, -0.6077652083991073, 0.7941167744479332, 15.292838590961889], [0.0, 0.0, 0.0, 1.0]], "midsize_muscle_02-002": [[-0.89653438581752, 0.12980715506035542, 0.42352827242338725, -105.42942129355086], [-0.4429741471539869, -0.26271641084349956, -0.8571779234363817, 297.3832710684257], [3.6696364178820004e-16, -0.9561015583967252, 0.2930355098471064, 18.427865743286098], [0.0, 0.0, 0.0, 1.0]], "midsize_muscle_02-003": [[-0.9866753070849885, -0.12345472337593166, -0.10597532573630306, -103.15006438887785], [0.16270168526706583, -0.7486691173364046, -0.6426684326758123, 301.756845424497], [-1.5451494774066575e-17, -0.6513474372582582, 0.758779622800388, 15.685078654611608], [0.0, 0.0, 0.0, 1.0]], "midsize_muscle_02-004": [[0.05138291560841951, 0.8681281572251054, 0.4936732711181765, -112.0743103082806], [-0.9986790255049808, 0.0446659584318744, 0.025399924680676228, 294.6168297465357], [1.7753757207118022e-17, -0.49432626350448405, 0.8692764492436773, 14.27188809095009], [0.0, 0.0, 0.0, 1.0]], "midsize_muscle_02-005": [[0.997500556930416, 0.06569438955409625, 0.026017034893012013, -104.85240640432818], [-0.07065860827605902, 0.9274197690307168, 0.3672872623540083, 286.6720454552989], [4.753941015050756e-16, -0.3682075762285811, 0.9297436102538557, 13.136819906783026], [0.0, 0.0, 0.0, 1.0]], "midsize_muscle_02-006": [[0.9996228755738168, 0.027458198066532973, 0.00039241365019022077, -104.50828068098512], [-0.027461001976144477, 0.999520808934328, 0.014284462808688808, 286.0231361015222], [-7.039322267809539e-19, -0.014289851860872083, 0.9998978948541668, 9.951560389092812], [0.0, 0.0, 0.0, 1.0]], "midsize_muscle_02-007": [[-0.2963000856105263, 0.609584955798979, 0.7352635180197312, -109.74742149595112], [-0.9550948954251587, -0.18911217665939228, -0.22810156810498264, 296.7208329605607], [2.497676746403433e-17, -0.7698329470103911, 0.6382454337457467, 16.751448239396762], [0.0, 0.0, 0.0, 1.0]], "midsize_muscle_02-008": [[-0.4813148398611124, -0.2136348841284726, -0.8501153811176961, -102.33844294331072], [0.876547788160732, -0.1173075118457638, -0.46680073129236227, 296.0745909777617], [-4.882817925717448e-17, -0.9698448762291679, 0.24372303143533636, 18.551555600322267], [0.0, 0.0, 0.0, 1.0]], "midsize_muscle_02-009": [[-0.1703579076128846, -0.9497869482666403, -0.26245558903574867, -95.71307437043728], [0.9853822523842001, -0.16420400995982698, -0.04537466032217955, 296.4966594607144], [1.7986923845164913e-18, -0.26634901166599995, 0.9638766539264993, 12.220092825745292], [0.0, 0.0, 0.0, 1.0]], "midsize_muscle_02-010": [[-0.9849931814045009, -0.14796208692320456, -0.08885748938592448, -102.92949811779623], [0.17259325765115976, -0.8444225962772252, -0.5071114732578926, 302.6186267303652], [3.1052714394658775e-16, -0.5148375469308354, 0.8572877581478926, 14.456489639817466], [0.0, 0.0, 0.0, 1.0]], "midsize_muscle_02-011": [[-0.5064202766579615, 0.5502196108365442, 0.663925359690798, -109.21313339131268], [-0.8622867872057843, -0.3231434966612574, -0.3899227836070396, 297.92711483923506], [1.1140803889740096e-16, -0.7699588693017425, 0.6380935194652757, 16.752581539383698], [0.0, 0.0, 0.0, 1.0]], "midsize_muscle_02-012": [[-0.9797480878114416, -0.19364326003860813, -0.05095068470044021, -102.51836755903349], [0.200234074097851, -0.9474991436656596, -0.24930240336390275, 303.54631566158434], [7.570926730750755e-17, -0.25445561615822465, 0.9670844530885284, 12.11305226695518], [0.0, 0.0, 0.0, 1.0]], "midsize_muscle_02-013": [[0.8675049532333634, 0.4846307610454304, 0.11210790143476591, -108.62283374513473], [-0.49742854372822254, 0.8451858884999326, 0.19551383011183487, 287.412150380754], [2.0643216475680975e-17, -0.22537488619876575, 0.9742721183893612, 11.851325696911506], [0.0, 0.0, 0.0, 1.0]], "midsize_muscle_02-014": [[-0.06143143982955103, -0.9871218373683156, -0.14770462548975533, -95.37706036877377], [0.9981113055168087, -0.06075506351000479, -0.00909087770388699, 295.5656189433388], [1.9390807821374363e-17, -0.14798412228511512, 0.9889897368281959, 11.154808822086446], [0.0, 0.0, 0.0, 1.0]], "midsize_muscle_02-015": [[-0.6085001486856212, 0.7805439028647869, 0.14310410458887307, -111.28605202052971], [-0.7935537593947729, -0.5985241394497595, -0.10973279111709479, 300.40554062419545], [4.2647382153778406e-17, -0.18033321989176335, 0.9836055763381321, 11.445950700607735], [0.0, 0.0, 0.0, 1.0]], "midsize_muscle_02-016": [[-0.3269387844920482, -0.7702087399247823, -0.5476217016685341, -97.32927824369254], [0.9450455180544808, -0.266453947905654, -0.18944989430091794, 297.4169089017871], [-2.2642229295837983e-19, -0.5794659529161053, 0.8149964474836868, 15.038145295449272], [0.0, 0.0, 0.0, 1.0]], "midsize_muscle_02-017": [[-0.9999486701065328, -0.004910183676018537, -0.008862688556189111, -104.21696524560824], [0.010131986585869739, -0.48459713158901013, -0.8746787769824572, 299.3801975527747], [3.1317870928346017e-15, -0.8747236764555829, 0.48462200718501086, 17.695464803958572], [0.0, 0.0, 0.0, 1.0]], "midsize_muscle_02-018": [[0.22572614664192936, -0.8613988201286797, -0.45501624081246217, -96.50856754086408], [0.974190795851709, 0.19959153506429658, 0.10543013045847704, 293.2224995619803], [5.324566473206733e-17, -0.46707097085089333, 0.884219830239293, 14.02659044747276], [0.0, 0.0, 0.0, 1.0]], "midsize_muscle_02-019": [[-0.9657217559196865, 0.13582045981826477, 0.22121096907285695, -105.48354103613688], [-0.25957944861525023, -0.5052972168837867, -0.8229782697411288, 299.56649832081496], [4.587338231634143e-18, -0.8521898411177256, 0.5232327156206361, 17.492660287006185], [0.0, 0.0, 0.0, 1.0]], "midsize_muscle_02-020": [[-0.783116901248607, 0.6034881726225387, 0.15009978175696453, -109.6925504457562], [-0.6218745202842608, -0.7599632599005974, -0.18901831821936643, 301.85849270306244], [8.334466508754415e-19, -0.24136666941805796, 0.970433991003012, 11.995251744646977], [0.0, 0.0, 0.0, 1.0]], "midsize_muscle_02-021": [[0.8702999979456002, 0.46165649169295875, 0.17161351127937716, -108.41606532164245], [-0.49252199298700133, 0.8157598025933409, 0.303245825852534, 287.6769851527793], [1.0692742102461143e-17, -0.34843827021528834, 0.9373317298850912, 12.958896152724758], [0.0, 0.0, 0.0, 1.0]], "midsize_muscle_02-022": [[-0.9517074542244041, -0.1401092828314918, -0.27317084478060466, -103.00017335396393], [0.30700638686142045, -0.43433314283769514, -0.8468186343361999, 298.92782165522823], [1.6553780070300652e-17, -0.8897888007258663, 0.4563725343431884, 17.831050923986773], [0.0, 0.0, 0.0, 1.0]], "midsize_muscle_02-023": [[-0.38632039169276916, -0.2616405248553629, -0.8844776937355492, -101.90639217638136], [0.9223646540074839, -0.10958471750371897, -0.37045193308617613, 296.00508582908157], [-1.582644513917335e-16, -0.9589240978529221, 0.2836627831721314, 18.453268597940493], [0.0, 0.0, 0.0, 1.0]], "midsize_muscle_02-024": [[0.8694898289261472, -0.15803450800972882, -0.4679877473525373, -102.8388463278699], [0.4939508451192075, 0.27818435516725415, 0.8237876104592735, 292.5151641779318], [-1.7642073635010283e-17, -0.9474378917999333, 0.31993974617371007, 18.349892740876882], [0.0, 0.0, 0.0, 1.0]], "midsize_muscle_02-025": [[0.9927959852543482, 0.0700164128076296, 0.09723082638957455, -104.89130461357564], [-0.11981707583999864, 0.5801511433157531, 0.8056478878806649, 289.79746308518804], [3.331714282845059e-16, -0.8114939019160747, 0.5843608877680162, 17.12639683569396], [0.0, 0.0, 0.0, 1.0]], "midsize_muscle_02-026": [[0.742586233651529, -0.6366111698141134, -0.20806706625303062, -98.53165637774995], [0.6697504651668686, 0.7058430198700547, 0.23069448565036157, 288.66623620154314], [-1.723400192303986e-18, -0.31066356363215164, 0.950519936787952, 12.618923791552435], [0.0, 0.0, 0.0, 1.0]], "midsize_muscle_02-027": [[0.2577659789998963, -0.9492602645289208, -0.18017116932713834, -95.71781452251463], [0.9662073794327101, 0.2532448070885786, 0.0480662835305951, 292.73962010957996], [-3.928814829934888e-17, -0.18647256599605183, 0.9824601682159171, 11.501204815541842], [0.0, 0.0, 0.0, 1.0]], "midsize_muscle_02-028": [[-0.9007587602250677, -0.42926212873512826, -0.06608843099654531, -100.39779774179136], [0.43431976224643404, -0.8902694661902923, -0.13706429765424952, 303.03124856422306], [3.2990751375978555e-17, -0.15216537846382092, 0.9883550463254398, 11.192440128038092], [0.0, 0.0, 0.0, 1.0]], "midsize_muscle_02-029": [[0.42126059787512576, -0.7278018247531, -0.5411506375898945, -97.71094048100991], [0.906939638938497, 0.33805362415181606, 0.2513567952531442, 291.9763407571624], [5.914061481291187e-17, -0.5966776777154315, 0.802480995984403, 15.19305081771584], [0.0, 0.0, 0.0, 1.0]], "midsize_muscle_02-030": [[0.6086536229320185, 0.4774331343097353, 0.6337178942991198, -108.55805510313263], [-0.793436051167155, 0.36624426943790306, 0.48613204771149215, 291.72262495050995], [6.808957021060804e-17, -0.7987006556696188, 0.6017285622545443, 17.011257616300952], [0.0, 0.0, 0.0, 1.0]], "midsize_muscle_02-031": [[0.2076228348625588, -0.9490811621982429, -0.23693396971322472, -95.71942645344826], [0.9782089543873714, 0.20144052099140647, 0.05028874684336503, 293.20585868631605], [1.5517432427655582e-17, -0.2422120229533277, 0.9702233433271211, 12.002859925344605], [0.0, 0.0, 0.0, 1.0]], "midsize_muscle_02-032": [[-0.9667855293211924, 0.1935882257680568, 0.16688121266073608, -106.00345093001603], [-0.25558900660071815, -0.732262697088144, -0.631241318481336, 301.6091876438513], [-1.417189736054577e-17, -0.6529279755816665, 0.7574200015201783, 15.699303500859275], [0.0, 0.0, 0.0, 1.0]], "midsize_muscle_02-033": [[-0.7672606233442553, 0.30921402019719835, 0.5618699365323541, -107.04408307661737], [-0.6413354316310498, -0.3699277011405948, -0.6721922047029777, 298.3481726778489], [-1.5035707290705736e-16, -0.8760937082540435, 0.48214086567898257, 17.707795085969096], [0.0, 0.0, 0.0, 1.0]], "midsize_muscle_02-034": [[0.5234733109842203, 0.5263586532701771, 0.670016612342428, -108.99838477632838], [-0.8520420721344797, 0.3233815746941737, 0.411641427046767, 292.10838920097746], [-3.504552556804914e-17, -0.7863656434992072, 0.6177613412346857, 16.900242511350754], [0.0, 0.0, 0.0, 1.0]], "midsize_muscle_02-035": [[0.9919753648853585, -0.07289116723098736, -0.10330417803876082, -103.60513639385296], [0.12643130728011856, 0.5719014045364409, 0.8105207634778312, 289.8717107334875], [-2.7663323100949833e-16, -0.8170775123750196, 0.5765278300056724, 17.176649330758718], [0.0, 0.0, 0.0, 1.0]], "midsize_muscle_02-036": [[-0.985413890172958, 0.1526881854961965, 0.0751384260154362, -105.63535056769854], [-0.1701748073429146, -0.8841558935927994, -0.43509641548847605, 302.97622641203395], [-1.698073728536857e-16, -0.4415367185580355, 0.8972431811749826, 13.796782188285718], [0.0, 0.0, 0.0, 1.0]], "midsize_muscle_02-037": [[-0.5152581297733723, -0.3469501091023672, -0.7836674559379777, -101.13860591997637], [0.8570350399502032, -0.20858991290617493, -0.4711487965933349, 296.89613258635086], [8.682800928153343e-17, -0.9143937171851355, 0.4048260490289009, 18.052495168605418], [0.0, 0.0, 0.0, 1.0]], "midsize_muscle_02-038": [[-0.8139362327686969, 0.5183096749701117, 0.2624173961815006, -108.92594397059281], [-0.5809542227975467, -0.7261691329503527, -0.3676555199692116, 301.5543455647843], [-2.829633687220121e-17, -0.4517006433275362, 0.8921695628172314, 13.888257509998317], [0.0, 0.0, 0.0, 1.0]], "midsize_muscle_02-039": [[-0.11084890404915454, 0.46448765289753396, 0.8786146713872023, -108.44154577249333], [-0.993837270618838, -0.051807221152005596, -0.09799740489117995, 295.48508836226296], [6.912196912085663e-17, -0.8840629118689729, 0.4673679148783674, 17.77951792504289], [0.0, 0.0, 0.0, 1.0]], "midsize_muscle_02-040": [[0.3784858720998248, -0.6451054213661154, -0.6637676098943679, -98.4552081085332], [0.9256070681562641, 0.26378719048508675, 0.27141826304644545, 292.6447386586675], [6.085397710105501e-17, -0.7171159693243703, 0.6969538625619122, 16.27699544398857], [0.0, 0.0, 0.0, 1.0]], "midsize_muscle_02-041": [[0.9289606255558084, 0.36863616967042073, 0.033756933771925575, -107.57888242357338], [-0.3701785463353615, 0.925090041466886, 0.08471280311637658, 286.6930130042518], [-5.543230270770376e-18, -0.09119095124800569, 0.995833425031759, 10.643670283193588], [0.0, 0.0, 0.0, 1.0]], "midsize_muscle_02-042": [[0.6969028540063421, 0.190564877681654, 0.6913837136294084, -105.97624079714898], [-0.7171655402191431, 0.18518068658058087, 0.6718494632279837, 293.35219719354245], [-3.021055668789341e-18, -0.9640503828699626, 0.26571951243421904, 18.499405165071348], [0.0, 0.0, 0.0, 1.0]], "midsize_muscle_02-043": [[-0.4037059938588058, 0.8461842038023035, 0.34784157853530834, -111.87681473000924], [-0.9148887749461534, -0.37338925161010633, -0.15348940113105808, 298.3793266353707], [1.2540436222252722e-17, -0.3802009468919112, 0.9249039085129296, 13.244760243224052], [0.0, 0.0, 0.0, 1.0]], "midsize_muscle_02-044": [[-0.46719371200969245, -0.8279107431076794, -0.3103124826775339, -96.80996021463068], [0.8841549838453691, -0.43747385962009877, -0.1639712983741044, 298.95608810664123], [-4.675252472517216e-17, -0.350970687659218, 0.9363864460808987, 12.981687909745624], [0.0, 0.0, 0.0, 1.0]], "midsize_muscle_02-045": [[-0.9261209122756764, 0.20585040341479396, 0.3161102137856916, -106.11381052811123], [-0.37722679629855177, -0.5053786350107097, -0.7760749831227927, 299.56723108410574], [1.3049101965260424e-16, -0.8379845145876377, 0.5456940106976816, 17.36481234857478], [0.0, 0.0, 0.0, 1.0]], "midsize_muscle_02-046": [[-0.8764950413456982, -0.3826861997224031, -0.29207484492579616, -100.81698110438573], [0.4814108873887283, -0.6967490043017446, -0.531774747903776, 301.28956440497564], [4.401384818685177e-17, -0.6067059399301711, 0.7949263503328139, 15.283305176732151], [0.0, 0.0, 0.0, 1.0]], "midsize_muscle_02-047": [[0.24928517278462886, -0.9613185098979232, -0.11714787730630988, -95.60929031512568], [0.9684301227397554, 0.24745456095789414, 0.030155225606818194, 292.79173232495276], [-5.022002027879246e-18, -0.12096678382420663, 0.9926565555171776, 10.911652776204129], [0.0, 0.0, 0.0, 1.0]], "midsize_muscle_02-048": [[0.9408810235510304, -0.23565909018809367, -0.24332630916792686, -102.14022508980014], [0.3387372130746275, 0.6545698477374831, 0.6758664179491114, 289.1276947503897], [1.4130886879660001e-16, -0.7183335629390071, 0.6956988517709023, 16.287953780285747], [0.0, 0.0, 0.0, 1.0]], "midsize_muscle_02-049": [[0.7250860826492957, -0.6844699146428195, -0.07583606462066612, -98.10092766944135], [0.6886582408918799, 0.7206762071951731, 0.07984755246393802, 288.5327375100957], [7.859973385563578e-18, -0.1101214798830418, 0.9939181352950397, 10.814045041018527], [0.0, 0.0, 0.0, 1.0]], "midsize_muscle_02-050": [[0.7760058764075373, -0.34919470248889295, -0.5252408395533074, -101.11840457751933], [0.6307256771219717, 0.42962757181258737, 0.6462238542157432, 291.1521752273868], [1.0997803858000966e-16, -0.8327563925255173, 0.5536395855679817, 17.317759252199693], [0.0, 0.0, 0.0, 1.0]], "midsize_muscle_02-051": [[-0.43625417872194755, -0.896001202976534, -0.08285008033938933, -96.19714607495985], [0.8998234779931225, -0.4344010558717524, -0.040167538011031886, 298.9284328734907], [-5.3365591739725966e-18, -0.09207370374928424, 0.9957521946136446, 10.651615055910547], [0.0, 0.0, 0.0, 1.0]], "midsize_muscle_02-052": [[0.944628375014306, 0.19397260158803536, 0.26467312472368915, -106.00691031204786], [-0.32814209287720497, 0.5583923166601217, 0.7619191476640488, 289.9932925247934], [-1.0624271372941167e-16, -0.8065808394253561, 0.5911238021530586, 17.08217927357223], [0.0, 0.0, 0.0, 1.0]], "midsize_muscle_02-053": [[0.32813747641315466, 0.9443435071774732, 0.02326235209423568, -112.76024845877781], [-0.9446299786547145, 0.32803796440344674, 0.008080676756106742, 292.06648169406805], [3.9530128574119403e-19, -0.0246258880406956, 0.99969673683483, 10.044584714734452], [0.0, 0.0, 0.0, 1.0]], "midsize_muscle_02-054": [[-0.1854082723016653, -0.8072189382510209, -0.5603760864731885, -96.99618645741131], [0.9826615758042603, -0.1523058114771741, -0.10573158103503405, 296.38957567487034], [-7.986469688652399e-17, -0.5702635579441968, 0.8214617912482759, 14.955323741852457], [0.0, 0.0, 0.0, 1.0]], "midsize_muscle_02-055": [[-0.6084720979743923, 0.6600388684370062, 0.44057961611840163, -110.20150670740047], [-0.7935752680033834, -0.5060833561924926, -0.3378134553245344, 299.57357357236594], [-1.1078630698100997e-16, -0.5551831488232863, 0.8317281234049146, 14.819600055848563], [0.0, 0.0, 0.0, 1.0]], "midsize_muscle_02-056": [[-0.8956550957108708, -0.44464740560748456, -0.009520200296430458, -100.25933025049211], [0.4447493108787815, -0.8954498745373144, -0.01917218464226041, 303.07787223834003], [-5.465420695892937e-18, -0.02140576739201565, 0.9997708703109723, 10.015603628902086], [0.0, 0.0, 0.0, 1.0]], "midsize_muscle_02-057": [[-0.8815937908466962, -0.31690469589032094, -0.34980537683577, -101.40901463830569], [0.4720088854466109, -0.5918982053117902, -0.6533483960400686, 300.34590721497625], [1.388090806499202e-16, -0.741099135252056, 0.6713956149161647, 16.49284393352486], [0.0, 0.0, 0.0, 1.0]], "midsize_muscle_02-058": [[0.9928233983649787, -0.1176982661404542, -0.021185320543844366, -103.20187250401088], [0.11958971385121138, 0.9771207640534691, 0.1758786877269384, 286.2247365008089], [-1.68253941749191e-16, -0.1771500228707164, 0.9841838595490704, 11.417301927388474], [0.0, 0.0, 0.0, 1.0]], "midsize_muscle_02-059": [[0.5218577927980932, 0.8257273556189801, 0.21409992591869093, -111.69270309568944], [-0.8530324988509538, 0.5051533861098746, 0.13097943504926796, 290.4724428993194], [-2.828195088863056e-17, -0.25098683368697716, 0.9679905006330308, 12.081833224592705], [0.0, 0.0, 0.0, 1.0]], "midsize_muscle_02-060": [[-0.5242722551227632, 0.8468121271754385, 0.08970966378880828, -111.88246603921647], [-0.8515507046021934, -0.5213548661050897, -0.05523134146525636, 299.711017164617], [2.2301683500723558e-17, -0.1053485873524309, 0.9944353549340686, 10.771089008156935], [0.0, 0.0, 0.0, 1.0]], "midsize_muscle_02-061": [[-0.9311598908255757, -0.330412459527902, -0.15417154181762702, -101.28744476452401], [0.3646111047646544, -0.8438218850739637, -0.3937300706734506, 302.61322033367327], [2.64742274946683e-17, -0.42283830580843157, 0.9062051462781787, 13.628496472687658], [0.0, 0.0, 0.0, 1.0]], "midsize_muscle_02-062": [[0.16701009087629407, 0.8916698488943322, 0.4207523144538255, -112.28618553543086], [-0.9859551863779064, 0.15103917962293179, 0.07127086833580551, 293.6594707560928], [-7.742082315770205e-17, -0.42674588081385223, 0.9043715791688776, 13.663664648242971], [0.0, 0.0, 0.0, 1.0]], "midsize_muscle_02-063": [[-0.24796084295974313, -0.9533688641759898, -0.17205588969423993, -95.68083712500143], [0.9687700554614047, -0.24401884211838049, -0.04403844153136295, 297.2149929502042], [-5.247230216906099e-19, -0.1776024028863003, 0.9841023252126844, 11.421373347729432], [0.0, 0.0, 0.0, 1.0]], "midsize_muscle_02-064": [[-0.9996755193688242, -0.014908492094395464, -0.020654123998446145, -104.12698046990927], [0.025472651504541907, -0.5850845395820489, -0.8105721593833519, 300.2845842243162], [2.3559319775667507e-15, -0.8108352597202058, 0.5852744498049326, 17.120469054330542], [0.0, 0.0, 0.0, 1.0]], "midsize_muscle_02-065": [[0.9092834342564098, -0.4161104555198861, -0.007464917541568602, -100.51616280116386], [0.416177409510499, 0.9091371501162082, 0.01630969318258294, 286.83658902587854], [2.0911925848354213e-18, -0.017936863873386867, 0.9998391215162508, 9.984383497251057], [0.0, 0.0, 0.0, 1.0]], "midsize_muscle_02-066": [[-0.7346526991976915, -0.5065279425266884, -0.4513478204237017, -99.70240541871082], [0.6784433738799033, -0.5484940004177227, -0.4887421814660742, 299.9552693728767], [-8.307673608755523e-17, -0.6652697009074162, 0.746603124192872, 15.810379026979579], [0.0, 0.0, 0.0, 1.0]], "midsize_muscle_02-067": [[0.019783022456527202, 0.6349338750929662, 0.772313152990362, -109.97556176957886], [-0.9998042968613831, 0.012563369800275597, 0.015281679121647008, 294.90575304403944], [-1.4127911611623568e-16, -0.7724643266835635, 0.6350581579676846, 16.775130656659755], [0.0, 0.0, 0.0, 1.0]], "midsize_muscle_02-068": [[-0.9812063106413078, -0.17799107424164348, -0.07452082559915221, -102.65923723157688], [0.19296159192355744, -0.9050814907917679, -0.3789370911754052, 303.16455678369493], [-5.44932053045641e-17, -0.3861951223364385, 0.922417111443377, 13.298707821133696], [0.0, 0.0, 0.0, 1.0]], "midsize_muscle_02-069": [[0.8639049579497453, -0.23481675488951942, -0.4455662860372226, -102.14780610869707], [0.5036548655873868, 0.40277454387766415, 0.764267258996675, 291.3938524841884], [2.7375571717328383e-18, -0.8846659021502382, 0.4662255265134086, 17.784944826587903], [0.0, 0.0, 0.0, 1.0]], "midsize_muscle_02-070": [[0.31322659244335016, 0.6096313887079519, 0.728174890866433, -109.74783939186145], [-0.949678420196188, 0.20107097146848044, 0.24016944569697882, 293.209184630632], [-1.2732936151460488e-16, -0.7667594370692385, 0.6419345493625221, 16.723786649611412], [0.0, 0.0, 0.0, 1.0]], "midsize_muscle_02-071": [[-0.9981035318924862, -0.06154816130886922, -0.001078639532888396, -103.70722344714643], [0.06155761223231856, -0.99795029332893, -0.01748920870016411, 304.0003760077099], [2.4836353146184894e-17, -0.01752243944774259, 0.9998464702722113, 9.980653677437388], [0.0, 0.0, 0.0, 1.0]], "midsize_muscle_02-072": [[-0.5595683847396378, -0.8283072516650274, -0.028112624192732402, -96.80639164404327], [0.8287841834880011, -0.5592463757352075, -0.018980738319733473, 300.0520407467578], [-7.292996120766702e-18, -0.03392031937001776, 0.9994245403900366, 10.128234596390234], [0.0, 0.0, 0.0, 1.0]], "midsize_muscle_02-073": [[-0.8509043611057653, -0.5252420386504251, -0.009086753299979666, -99.53397855586391], [0.5253206337573171, -0.850777054247975, -0.01471854999477679, 302.67581685217624], [-2.4131279032707603e-18, -0.01729753738205052, 0.9998503864081448, 9.978629558756609], [0.0, 0.0, 0.0, 1.0]], "midsize_muscle_02-074": [[-0.5300872803876523, 0.32619279319392397, 0.7826913419985995, -107.19689203613011], [-0.8479430848655013, -0.20391775546308716, -0.4892954872422942, 296.8540831705183], [3.2209957621133923e-18, -0.9230470251700303, 0.3846871317379325, 18.13037494542028], [0.0, 0.0, 0.0, 1.0]], "midsize_muscle_02-075": [[-0.9806882097743865, -0.1785887390169821, -0.0797289000666159, -102.65385824837763], [0.1955776960941819, -0.89550022446368, -0.3997858336359481, 303.0783253879288], [1.2444082614745004e-16, -0.40765844806875084, 0.9131344861071544, 13.49187775310563], [0.0, 0.0, 0.0, 1.0]], "midsize_muscle_02-076": [[0.9996863382756335, -0.023316511238437546, -0.009141409558912612, -104.05130829765956], [0.02504446176414984, 0.9307126645733256, 0.3648927389490842, 286.64240939698624], [1.0480073575664096e-15, -0.36500722774554517, 0.9310046851082502, 13.108016769841129], [0.0, 0.0, 0.0, 1.0]], "midsize_muscle_02-077": [[-0.9434138982636979, -0.10499473640221872, -0.314557342770315, -103.31620427144667], [0.3316175757750075, -0.2986979605495676, -0.8948794956867857, 297.70710501592026], [1.1264459267584203e-16, -0.9485544969538425, 0.3166139073203237, 18.35994219135221], [0.0, 0.0, 0.0, 1.0]], "midsize_muscle_02-078": [[-0.5435222084046427, 0.7294226773996317, 0.4153626929155925, -110.82596099239828], [-0.8393947873146105, -0.472313422089528, -0.2689543127431484, 299.2696441691027], [7.70086077029561e-17, -0.49483592130041654, 0.868986427391572, 14.276475012252773], [0.0, 0.0, 0.0, 1.0]], "midsize_muscle_02-079": [[-0.9450333875457594, 0.140756436029172, 0.2951262816832008, -105.52796482137663], [-0.32697384669692836, -0.4068200955619913, -0.8529862328450243, 298.6802042277485], [-1.6575956661910218e-16, -0.9025990447387465, 0.4304822463664468, 17.946343115251363], [0.0, 0.0, 0.0, 1.0]], "midsize_muscle_02-080": [[-0.8448167855494774, -0.1015270843761304, -0.5253349883568869, -103.34741313975769], [0.5350556969642023, -0.16030440486010186, -0.8294684436002373, 296.4615630151156], [-4.4072528541623134e-16, -0.9818323425720559, 0.18975049691494703, 18.659442800917034], [0.0, 0.0, 0.0, 1.0]], "midsize_muscle_02-081": [[-0.8991846970323147, -0.4089598677590746, -0.15562360741669282, -100.58051809599556], [0.43756928665401634, -0.8403936610845392, -0.31979933362347746, 302.5823663071673], [-2.0543734128801555e-18, -0.3556547777992096, 0.9346173971356381, 13.023844716440536], [0.0, 0.0, 0.0, 1.0]], "midsize_muscle_02-082": [[0.6838334754439843, 0.4465102219141621, 0.5770618680768704, -108.27974889316329], [-0.7296381143157213, 0.4184795597735225, 0.5408355389483545, 291.25250733673164], [-4.202723936076943e-17, -0.7908877795097888, 0.61196120810234, 16.940941733256295], [0.0, 0.0, 0.0, 1.0]], "midsize_muscle_02-083": [[0.928149972675566, 0.21355079376830718, 0.3048502693180245, -106.1831140406974], [-0.3722064322689039, 0.5325194467829699, 0.7601877469254641, 290.2261483557674], [5.851581800058451e-17, -0.819035467656246, 0.5737428890375151, 17.19427092420933], [0.0, 0.0, 0.0, 1.0]], "midsize_muscle_02-084": [[-0.9999056548305391, 0.009852726316554886, 0.009571061698786246, -104.34983143545041], [-0.013736136207496861, -0.7172174628004523, -0.6967140228358916, 301.4737805334338], [2.0486432217296567e-15, -0.6967797606404861, 0.7172851351880835, 16.09396956444583], [0.0, 0.0, 0.0, 1.0]], "midsize_muscle_02-085": [[-0.990683268433081, -0.1105098620386114, -0.07958788877056089, -103.26656814086824], [0.13618612868698524, -0.8039017804091756, -0.5789605045322258, 302.2539393917494], [-1.8951426944861203e-16, -0.5844052513856842, 0.8114619536077062, 15.082598981991556], [0.0, 0.0, 0.0, 1.0]], "midsize_muscle_02-086": [[0.008057576300092979, 0.9963293088854404, 0.08522314075431081, -113.22812067587284], [-0.9999675372051676, 0.008028260046122126, 0.0006867142518253001, 294.9465690317518], [9.248843932872708e-18, -0.08522590742545796, 0.996361653569379, 10.589984889078654], [0.0, 0.0, 0.0, 1.0]], "midsize_muscle_02-087": [[0.0830000396440982, -0.6606083915482612, -0.7461283712841225, -98.31568137750371], [0.9965495438858412, 0.055020368053081574, 0.062143106457798795, 294.52364005989875], [-1.1520831990299997e-16, -0.7487117683830826, 0.6628956840142176, 16.561357634778588], [0.0, 0.0, 0.0, 1.0]], "midsize_muscle_02-088": [[0.7334759471384179, 0.3871480427090971, 0.5586854463791912, -107.74548928028427], [-0.6797154073356002, 0.41776863411400705, 0.6028733974733966, 291.25890566808914], [-6.45989704554446e-18, -0.8219402419744589, 0.5695737341406888, 17.22041389441069], [0.0, 0.0, 0.0, 1.0]], "midsize_muscle_02-089": [[-0.1391875854469822, -0.9684018281104468, -0.20694133315938523, -95.54554044978283], [0.9902660329716653, -0.13611444572389297, -0.029086794389178588, 296.2438533830804], [2.5158210890771948e-17, -0.2089754937250347, 0.9779208776902035, 11.703731165120754], [0.0, 0.0, 0.0, 1.0]], "midsize_muscle_02-090": [[-0.3585822551430225, -0.9010120680106719, -0.24412295999286246, -96.15204829134554], [0.9334981340616296, -0.34610346552338667, -0.09377432940926607, 298.1337545600166], [1.782037346204715e-17, -0.2615141381490383, 0.9651996454351637, 12.17657896443699], [0.0, 0.0, 0.0, 1.0]], "midsize_muscle_02-091": [[0.8068729729715284, 0.10853110973546427, 0.5806694444412206, -105.23793688573839], [-0.5907249829557636, 0.14824295856590014, 0.7931380836572793, 293.6846367457837], [-1.1105257231596997e-16, -0.9829776312079626, 0.1837252746488152, 18.669750398502302], [0.0, 0.0, 0.0, 1.0]], "midsize_muscle_02-092": [[0.9635751550174912, -0.2650910407400599, -0.0353505410477603, -101.87533753295776], [0.2674376948618453, 0.9551201853082291, 0.12736762141045327, 286.42274170784077], [-1.4120444316254446e-17, -0.1321823427547187, 0.991225417482761, 11.012592806797104], [0.0, 0.0, 0.0, 1.0]], "midsize_muscle_02-093": [[-0.936511884089099, -0.30347852500738154, -0.175631078739584, -101.52985017854044], [0.3506358380997098, -0.8105596015956102, -0.46909235903101165, 302.3138597732797], [1.0972782318105179e-17, -0.500893119458143, 0.8655091466180415, 14.330989789435348], [0.0, 0.0, 0.0, 1.0]], "midsize_muscle_02-094": [[0.9506687522806342, 0.28342347365181697, 0.12609543219451086, -106.81196816072446], [-0.3102078713333733, 0.868584794142935, 0.38643438245903156, 287.201560227301], [-1.359394163054311e-16, -0.4064868878165857, 0.9136566149452358, 13.481333711690992], [0.0, 0.0, 0.0, 1.0]], "midsize_muscle_02-095": [[-0.9977377896498781, -0.02614802088454495, -0.061932092717724326, -104.0258247108423], [0.06722576220895826, -0.388078434573505, -0.9191712710449571, 298.51152928110946], [1.6384007089247672e-15, -0.9212553444202096, 0.3889583401563731, 18.11424981705182], [0.0, 0.0, 0.0, 1.0]], "midsize_muscle_02-096": [[-0.9471485806392261, 0.105210618022556, 0.30305163264435886, -105.20805246046065], [-0.32079520911805964, -0.31063458772405256, -0.8947606309602634, 297.8145346604875], [-2.818465218031022e-17, -0.944688773493588, 0.32796817107027365, 18.32515068035776], [0.0, 0.0, 0.0, 1.0]], "midsize_muscle_02-097": [[-0.03330709065448619, -0.6487657240429469, -0.7602589512917063, -98.42226538472033], [0.9994451649350924, -0.021620494592742418, -0.02533607115223978, 295.2134078233977], [6.869717826165086e-17, -0.7606810037858158, 0.6491258818437329, 16.66908075368261], [0.0, 0.0, 0.0, 1.0]], "midsize_muscle_02-098": [[-0.6614343615030183, 0.6795069338572881, 0.317450645396984, -110.37671929929975], [-0.7500030569424998, -0.5992632040261494, -0.279962545489962, 300.4121922047898], [8.029905671516215e-19, -0.42326580199702024, 0.9060055523338801, 13.632343937922219], [0.0, 0.0, 0.0, 1.0]], "midsize_muscle_02-099": [[0.24401963478097155, 0.6249077464433102, 0.7415825822364658, -109.88532661395473], [-0.9697702912759087, 0.1572431754516511, 0.18660162360633417, 293.6036347937568], [1.3106238860641875e-17, -0.764699216822552, 0.6443873895344129, 16.70524467059581], [0.0, 0.0, 0.0, 1.0]]}, "obj_location": [-104.26115689865517, 295.0188233721447, 9.822951722484877], "focal": 381.3611496301472, "bbox_dimensions": {"suv_medium_01_body_white": [[-0.933975, -2.3862626552581787, 0.1880354881286621], [0.933975, 2.334472417831421, 1.7391098737716675]], "midsize_sedan_01_body_sandy": [[-0.909733, -2.5228, 0.134504], [0.909733, 2.33222, 1.47009]], "midsize_muscle_02_silver": [[-1.02878, -2.46651, 0.0903587], [1.02878, 2.30112, 1.3817]]}, "obj_translations": {"suv_medium_01_body_white": [-100.37019587440838, 293.25476357551224, 9.774749501345331], "midsize_sedan_01_body_sandy": [-108.15144866882284, 296.78355367515996, 9.940461254202674], "midsize_muscle_02_silver": [-102.4902619943432, 291.13103717303204, 9.822951722484877]}, "obj_rotations": {"suv_medium_01_body_white": [[0.7069418786736906, -0.7071557893618494, 0.012801162030547578], [0.707271645251888, 0.7068260768016529, -0.012795193467509455], [2.11612227191967e-18, 0.018099357038395856, 0.9998361932210678]], "midsize_sedan_01_body_sandy": [[0.7060842653159026, -0.7081027263544906, 0.0059614765485755655], [0.7081278205757077, 0.7060592435130064, -0.005944272582846412], [1.3825997765722218e-18, 0.00841864473525258, 0.9999645625825054]], "midsize_muscle_02_silver": [[0.7069510849189083, -0.7071280847973775, 0.01378532635709279], [0.7072624431793185, 0.7068167856855797, -0.013779257640628168], [7.694933963723394e-19, 0.019491104737760938, 0.9998100303738215]]}, "fov": 80, "img_size": [640, 480]}
