{"transform": {"spherical_1": [[0.3537321254808612, -0.8897964418981529, 0.2883329245649542, -0.3604162037372589], [0.9353467717391194, 0.3365057710657593, -0.10904257258817082, 1.3346946716308594], [1.3877787807814457e-16, 0.30826313114744364, 0.9513011310700592, 1.8843302726745605], [0.0, 0.0, 0.0, 1.0]], "spherical_2": [[0.3090577724398919, 0.8244283353842382, 0.4741320629424529, -0.5926651954650879], [0.95104326573216, -0.2679120856547221, -0.15407732171103258, -1.2366424083709717], [8.326672684688674e-17, 0.4985388993606328, -0.8668673288481284, 1.772644281387329], [0.0, 0.0, 0.0, 1.0]], "spherical_3": [[0.836855471591859, -0.530797793496265, -0.13389033604507652, 0.16736294329166412], [0.5474238939494395, 0.8114388916996413, 0.20468025154003167, 0.796196722984314], [1.3877787807814457e-16, -0.24458255754806835, 0.9696284713967747, 3.0921385288238525], [0.0, 0.0, 0.0, 1.0]], "spherical_4": [[0.20593931141969624, -0.9480225504708952, 0.24257420268989904, -0.30321788787841797], [0.9785647653640415, 0.1995116911671041, -0.05104982934017194, 1.4220338344573975], [6.938893903907228e-17, 0.24788773444101847, 0.9687887649605043, 1.514847993850708], [0.0, 0.0, 0.0, 1.0]], "spherical_5": [[0.09686613295996294, -0.6912070908122614, -0.7161352594979757, 0.8951690793037415], [-0.9952974190087016, -0.0672709048398572, -0.0696970090939642, 1.0368106126785277], [5.551115123125783e-17, 0.7195188551892697, -0.6944729058985117, 1.2421653270721436], [0.0, 0.0, 0.0, 1.0]], "spherical_6": [[0.5169329713887111, -0.463883178968972, -0.7194391561215436, 0.8992989659309387], [-0.8560258775827038, -0.2801276414199341, -0.43445160998811716, 0.6958246707916259], [0.0, 0.840440896662071, -0.5419032194200866, 2.292332410812378], [0.0, 0.0, 0.0, 1.0]], "spherical_7": [[0.3466714571126491, 0.4151068517689912, -0.8411332845856414, 1.0514166355133057], [-0.9379866208125748, 0.1534197758978007, -0.31087533118611377, -0.6226601600646973], [5.551115123125783e-17, 0.896743371304135, 0.44255093042732896, 1.8666785955429077], [0.0, 0.0, 0.0, 1.0]], "spherical_8": [[0.21967823678291887, 0.8077393548928857, -0.547081901401584, 0.6838524341583252], [-0.9755723818784272, 0.18188579398012727, -0.12319125644407916, -1.2116090297698974], [1.6653345369377348e-16, 0.5607804316356299, 0.8279645569072125, 1.5491955280303955], [0.0, 0.0, 0.0, 1.0]], "spherical_9": [[0.6587080552010895, 0.5716046806229383, -0.4892563613313035, 0.6115705370903015], [-0.752398629725758, 0.5004270245072269, -0.4283329255726732, -0.8574069499969482], [1.6653345369377348e-16, 0.6502621642328518, 0.7597098905287517, 2.6467702388763428], [0.0, 0.0, 0.0, 1.0]], "spherical_10": [[0.09788043997976151, -0.9939492817405574, 0.04984219895628868, -0.06230257824063301], [-0.9951981810018385, -0.09775760735052416, 0.004902115434424498, 1.4909239768981932], [4.5102810375396984e-17, -0.05008268695398328, -0.9987450748151248, 1.2447011470794678], [0.0, 0.0, 0.0, 1.0]], "spherical_11": [[0.9860512817433118, -0.02702444251813113, -0.16423321612559455, 0.2052915096282959], [-0.16644179094317635, -0.16010093398057124, -0.9729670195675582, 0.04053664952516556], [1.6653345369377348e-16, 0.9867306473628623, -0.16236572777180228, 3.465128183364868], [0.0, 0.0, 0.0, 1.0]], "spherical_12": [[0.6446078537986253, 0.46919657754032573, 0.603601927138719, -0.754502534866333], [-0.7645133843309286, 0.3956082457897316, 0.5089335919764397, -0.7037946224212647], [5.551115123125783e-17, -0.7895243425554506, 0.6137192456754013, 2.6115195751190186], [0.0, 0.0, 0.0, 1.0]], "spherical_13": [[0.2595856238769649, -0.8172536050891754, 0.5145015537830305, -0.6431267261505127], [-0.9657200960301109, -0.2196778215705241, 0.13829805072242327, 1.2258805274963378], [0.0, -0.532764675704738, -0.84626343435199, 1.6489640474319458], [0.0, 0.0, 0.0, 1.0]], "spherical_14": [[0.15232058174104518, -0.21454765056577763, 0.9647630517462693, -1.2059537172317505], [-0.9883311390308765, -0.033065863914192695, 0.1486882922947823, 0.32182177305221554], [5.551115123125783e-17, -0.9761536530077186, -0.2170807354872537, 1.3808014392852783], [0.0, 0.0, 0.0, 1.0]], "spherical_15": [[0.8820413152650284, -0.4461477443867579, -0.1515100932088253, 0.18938755989074707], [0.47117206853286503, 0.8351953979079578, 0.28362921067448127, 0.6692217350006103], [2.498001805406602e-16, -0.3215600060517107, 0.9468892028680145, 3.2051031589508057], [0.0, 0.0, 0.0, 1.0]], "spherical_16": [[0.6774269113357957, -0.3930696243885774, 0.6217628568683294, -0.7772035598754883], [0.7355900895186422, 0.3619895718874103, -0.5726000087729003, 0.58960440158844], [2.220446049250313e-16, 0.8452572509170165, 0.534359597810508, 2.6935672760009766], [0.0, 0.0, 0.0, 1.0]], "spherical_17": [[0.36909608962781476, -0.4981840576614045, 0.7845895240910846, -0.9807369112968445], [0.9293912398024076, 0.19784755840482776, -0.3115899019733984, 0.7472760200500488], [0.0, 0.8441972449168894, 0.5360326591493594, 1.9227403402328491], [0.0, 0.0, 0.0, 1.0]], "spherical_18": [[0.5114132398092269, -0.05406461264332307, 0.8576325062680155, -1.0720405578613281], [0.859334916169377, 0.03217529997990076, -0.5104000900503185, 0.0810969740152359], [1.6653345369377348e-16, 0.9980189215295123, 0.06291448377813469, 2.2785332202911377], [0.0, 0.0, 0.0, 1.0]], "spherical_19": [[0.6183719370099102, 0.2447899322252528, -0.7467891513672169, 0.9334863424301147], [0.7858855816966054, -0.19261229379455877, 0.5876090169156589, -0.36718504428863524], [1.6653345369377348e-16, -0.9502517526215646, -0.3114829154859787, 2.5459299087524414], [0.0, 0.0, 0.0, 1.0]], "spherical_20": [[0.297929751409136, -0.9542143791495403, 0.026697974633821592, -0.03337278217077255], [-0.9545877975468211, -0.29781320639299513, 0.008332518984867596, 1.4313215732574462], [6.245004513516506e-17, -0.027968066114434156, -0.9996088171268898, 1.7448244094848633], [0.0, 0.0, 0.0, 1.0]], "spherical_21": [[0.995478327296962, 0.08824236136065498, -0.035159430364243405, 0.04394926503300667], [0.09498894610449417, -0.9247745331062552, 0.3684686730728479, -0.1323635458946228], [2.0469737016526324e-16, -0.3701423355678236, -0.9289750542508646, 3.4886958599090576], [0.0, 0.0, 0.0, 1.0]], "spherical_22": [[0.964328548007203, -0.2621192868353535, -0.03693143603009781, 0.046164367347955704], [-0.2647082384405886, -0.9548970321728454, -0.13454072412906273, 0.39317883253097535], [2.7755575615628914e-16, 0.13951751652182523, -0.9902196032111172, 3.4108214378356934], [0.0, 0.0, 0.0, 1.0]], "spherical_23": [[0.9042029612906879, -0.4231160885093182, -0.058221820975692395, 0.07277722656726837], [-0.42710303767726915, -0.8957623487776469, -0.12325911617078468, 0.6346741676330566], [1.8388068845354155e-16, 0.1363179744455168, -0.9906651350699045, 3.260507345199585], [0.0, 0.0, 0.0, 1.0]], "spherical_24": [[0.9069808644668649, 0.024310996160990306, 0.42046960289252633, -0.5255870223045349], [-0.42117183131227864, 0.052352998645336, 0.9054686366969885, -0.03646644651889801], [1.942890293094024e-16, -0.9983326795204602, 0.05772227474292951, 3.2674522399902344], [0.0, 0.0, 0.0, 1.0]], "spherical_25": [[0.9367832683708148, 0.09916485515701998, 0.3355643598509549, -0.4194554388523102], [-0.34991014289456357, 0.26548523673262914, 0.898376580825951, -0.14874736368656158], [3.0531133177191805e-16, -0.9590015227197022, 0.2834009164087034, 3.3419580459594727], [0.0, 0.0, 0.0, 1.0]], "spherical_26": [[0.6392550625387866, -0.7373991028710492, -0.2181639936000067, 0.27270498871803284], [-0.7689947756770081, -0.6129900027043468, -0.18135680733292872, 1.1060986518859863], [1.6653345369377348e-16, 0.2837002285326834, -0.9589130202111678, 2.598137617111206], [0.0, 0.0, 0.0, 1.0]], "spherical_27": [[0.8305218491261038, -0.20708235906993697, 0.517059333815943, -0.646324098110199], [-0.5569860484106914, -0.3087804878899701, 0.7709871284102441, 0.31062362194061277], [2.220446049250313e-16, -0.9283164906757075, -0.37179092665036656, 3.0763046741485596], [0.0, 0.0, 0.0, 1.0]], "spherical_28": [[0.024555605258951063, -0.7580555744659707, -0.6517275260961704, 0.8146592974662781], [0.9996984656637056, 0.018620128058889684, 0.01600839094674983, 1.1370834589004517], [0.0, -0.6519241035980634, 0.7582842231959345, 1.0613890886306763], [0.0, 0.0, 0.0, 1.0]], "spherical_29": [[0.9976151735309191, -0.025653729755981222, 0.06407692010764202, -0.08009611815214157], [0.06902148608132147, 0.37079106109183246, -0.9261479490197658, 0.038480570912361144], [1.8735013540549517e-16, 0.9283619311260022, 0.37167744730612856, 3.4940378665924072], [0.0, 0.0, 0.0, 1.0]], "spherical_30": [[0.6544063668831868, 0.06562857685163026, 0.7532895836815864, -0.9416119456291199], [-0.7561430466404806, 0.056798457291916765, 0.6519368284324105, -0.09844307899475098], [1.1102230246251565e-16, -0.9962262921393352, 0.08679386412824364, 2.6360158920288086], [0.0, 0.0, 0.0, 1.0]], "spherical_31": [[0.3955705002366612, 0.25884068692875284, 0.8812068305073271, -1.1015084981918335], [0.9184356152406753, -0.11148276298407367, -0.37953605127170653, -0.38826159238815305], [5.551115123125783e-17, 0.9594650031906784, -0.2818277978701034, 1.9889259338378906], [0.0, 0.0, 0.0, 1.0]], "spherical_32": [[0.01347955612871199, 0.9333156990635137, -0.35880371716045206, 0.44850480556488037], [-0.9999091466561215, 0.012581824452158274, -0.004836954298127, -1.3999734878540038], [5.551115123125783e-17, 0.3588363186399056, 0.9334005016202638, 1.0336989164352417], [0.0, 0.0, 0.0, 1.0]], "spherical_33": [[0.9070773024431849, -0.04628927771572888, -0.41841136476074725, 0.52301424741745], [0.42096409275898455, 0.099742362554581, 0.9015767819324296, 0.06943388879299163], [1.6653345369377348e-16, -0.9939359958672322, 0.10996015696338994, 3.267693281173706], [0.0, 0.0, 0.0, 1.0]], "spherical_34": [[0.7647558133398136, 0.4135916101106468, -0.4940551851858687, 0.6175689697265625], [-0.6443202200481996, 0.4908996774259696, -0.5864034112623484, -0.6203874349594116], [2.220446049250313e-16, 0.7667851633600913, 0.6419038193147305, 2.9118895530700684], [0.0, 0.0, 0.0, 1.0]], "spherical_35": [[0.970691231052763, 0.14118395013261548, 0.19448811321575027, -0.24311009049415588], [0.24033005213096287, -0.5702408880785337, -0.7855359925593061, -0.21177583336830139], [1.5265566588595902e-16, 0.8092542380416409, -0.5874585757409995, 3.4267280101776123], [0.0, 0.0, 0.0, 1.0]], "spherical_36": [[0.959709621113487, 0.20316946832689564, -0.19411236509293683, 0.24264048039913177], [-0.28099367100026834, 0.6939077765550367, -0.6629740224882408, -0.3047542691230774], [1.5265566588595902e-16, 0.6908068939842826, 0.7230393040656836, 3.3992741107940674], [0.0, 0.0, 0.0, 1.0]], "spherical_37": [[0.7234692927641146, 0.6901802060437205, -0.015603384659725626, 0.019504258409142494], [0.690356561805124, -0.7232844781552061, 0.016351795997971253, -1.035270380973816], [8.760353553682876e-17, -0.02260192127228634, -0.9997445439485035, 2.808673143386841], [0.0, 0.0, 0.0, 1.0]], "spherical_38": [[0.09535273957823909, 0.24104054235045946, -0.9658195028049088, 1.207274317741394], [-0.9954435468950135, 0.02308908037450441, -0.09251507613646104, -0.3615608811378479], [0.0, 0.9702403574943976, 0.24214385949088996, 1.2383818626403809], [0.0, 0.0, 0.0, 1.0]], "spherical_39": [[0.8244533051649223, -0.3167941942953684, 0.4689543539230485, -0.5861929655075073], [0.5659299847177525, 0.46150942271442785, -0.6831780918202516, 0.4751914143562317], [1.6653345369377348e-16, 0.8286437661664655, 0.5597763024579159, 3.0611331462860107], [0.0, 0.0, 0.0, 1.0]], "spherical_40": [[0.11375780648640554, -0.9748126081330131, -0.19183206324364682, 0.23979035019874573], [0.9935085110170934, 0.11161710524550872, 0.021964980155044958, 1.4622189044952392], [1.3877787807814457e-17, -0.19308547548048777, 0.9811819398860101, 1.2843947410583496], [0.0, 0.0, 0.0, 1.0]], "spherical_41": [[0.8938099318945433, 0.021574767403588296, 0.4479267072392009, -0.559908390045166], [-0.44844598966505633, 0.043001257293090615, 0.8927749359298465, -0.03236206546425819], [1.3877787807814457e-16, -0.9988420402059048, 0.04811006877261261, 3.234524726867676], [0.0, 0.0, 0.0, 1.0]], "spherical_42": [[0.857586700370738, -0.5004151784158124, -0.11886841699249079, 0.14858543872833252], [-0.5143394320361117, -0.8343700189856729, -0.19819591335498873, 0.7506227731704712], [1.8041124150158794e-16, 0.2311088934440189, -0.9729278901188316, 3.1439666748046875], [0.0, 0.0, 0.0, 1.0]], "spherical_43": [[0.3418717376787357, 0.06619402287051229, 0.9374124312770447, -1.1717655658721924], [-0.9397466227534537, 0.02408081612082047, 0.34102257889827986, -0.09929080009460449], [-5.551115123125783e-17, -0.9975161480553452, 0.07043815989097568, 1.8546793460845947], [0.0, 0.0, 0.0, 1.0]], "spherical_44": [[0.869602131083935, -0.4811100198185652, 0.11101928861444929, -0.1387740820646286], [0.49375310997934846, 0.847335014330456, -0.19552810507783064, 0.7216651439666748], [1.734723475976807e-16, 0.2248477758835643, 0.9743939027314438, 3.1740052700042725], [0.0, 0.0, 0.0, 1.0]], "spherical_45": [[0.42469915376189393, -0.849868164987459, -0.3120171965369547, 0.3900214731693268], [0.9053345397111122, 0.39867946559790046, 0.14636958330418678, 1.2748023033142089], [-2.7755575615628914e-17, -0.3446429831745046, 0.938733835625721, 2.0617475509643555], [0.0, 0.0, 0.0, 1.0]], "spherical_46": [[0.8773508953725548, 0.38713749688404125, 0.28351360619084104, -0.35439199209213257], [-0.4798493580166346, 0.7078376241398004, 0.5183729270160107, -0.580706226825714], [2.220446049250313e-16, -0.590838773574045, 0.8067896526614099, 3.1933772563934326], [0.0, 0.0, 0.0, 1.0]], "spherical_47": [[0.0038072458965688893, -0.9919850509699231, -0.126297915782021, 0.15787242352962494], [0.9999927524130778, 0.0037767583871476385, 0.0004808507066136475, 1.4879775524139405], [-2.7755575615628914e-17, -0.12629883114377788, 0.9919922405199122, 1.0095181465148926], [0.0, 0.0, 0.0, 1.0]], "spherical_48": [[0.44342198627973706, 0.7818727973082359, -0.4382372313178411, 0.5477965474128723], [-0.8963129710562782, 0.38680639463683886, -0.21680376146256652, -1.1728091955184936], [1.3877787807814457e-16, 0.4889332693706212, 0.872321189758999, 2.1085548400878906], [0.0, 0.0, 0.0, 1.0]], "spherical_49": [[0.6478598812647178, 0.7311675105921887, -0.2137092550688606, 0.26713645458221436], [-0.7617595252096725, 0.6218420392793796, -0.18175506578138834, -1.0967512607574463], [1.3877787807814457e-16, 0.2805468760105593, 0.9598403254503928, 2.619649648666382], [0.0, 0.0, 0.0, 1.0]], "spherical_50": [[0.6797278515899734, 0.09683117480609738, 0.7270445456494053, -0.9088056683540344], [-0.733464414796573, 0.08973693214024087, 0.6737783279663859, -0.14524686634540557], [1.1102230246251565e-16, -0.9912471975222573, 0.13201891305518, 2.69931960105896], [0.0, 0.0, 0.0, 1.0]], "spherical_51": [[0.9452135705360949, 0.09735195726690313, -0.3115989449447956, 0.38949868083000183], [0.32645260923203956, -0.281873657997081, 0.9022061487558918, -0.14602790772914886], [2.7755575615628914e-16, -0.9544997838363548, -0.29821160717911754, 3.3630340099334717], [0.0, 0.0, 0.0, 1.0]], "spherical_52": [[0.03271375727143003, -0.5213757549006433, -0.8526999075213804, 1.0658748149871826], [-0.9994647618026291, -0.017065293890167837, -0.027909956274710657, 0.7820637702941894], [5.551115123125783e-17, 0.8531565494950073, -0.521654964563526, 1.0817843675613403], [0.0, 0.0, 0.0, 1.0]], "spherical_53": [[0.7361543360073144, 0.28574661629855314, -0.6135353819068283, 0.7669191956520081], [-0.6768137067004703, 0.3107998678293495, -0.6673279917549008, -0.42862004041671753], [1.1102230246251565e-16, 0.9065055506896725, 0.42219389688721654, 2.840385913848877], [0.0, 0.0, 0.0, 1.0]], "spherical_54": [[0.9125572225045514, 0.4029246567826064, 0.06993594648960993, -0.08742000162601471], [-0.4089490379677873, 0.8991140008528343, 0.15605991738954222, -0.6043868780136108], [2.8449465006019636e-16, -0.171013842793583, 0.9852686260979651, 3.281393051147461], [0.0, 0.0, 0.0, 1.0]], "spherical_55": [[0.2819133962788262, 0.9484478891747051, 0.14481518745830524, -0.18101917207241058], [0.9594398558526417, -0.2786836131516635, -0.04255122515506172, -1.4226716995239257], [4.163336342344337e-17, 0.1509372229795581, -0.9885433499443614, 1.7047836780548096], [0.0, 0.0, 0.0, 1.0]], "spherical_56": [[0.8896614998068143, 0.07636951355143246, -0.4501889749443087, 0.5627362132072449], [0.4566206475417968, -0.1487953213054497, 0.8771302848471931, -0.11455423235893249], [1.1102230246251565e-16, -0.98591462599838, -0.16724936544715036, 3.224153757095337], [0.0, 0.0, 0.0, 1.0]], "spherical_57": [[0.04062462768400742, -0.7817324549157667, 0.622289328654208, -0.777861475944519], [-0.9991744790703654, -0.031783828144815854, 0.02530115892454443, 1.1725988388061523], [0.0, -0.6228034659503991, -0.7823783245976147, 1.1015615463256836], [0.0, 0.0, 0.0, 1.0]], "spherical_58": [[0.9102383809563042, 0.25527160666043525, 0.3260406365271763, -0.40755072236061096], [0.4140846409057528, -0.5611365189552994, -0.7167005771315405, -0.382907509803772], [1.3877787807814457e-16, 0.787376792855701, -0.616472048086749, 3.2755959033966064], [0.0, 0.0, 0.0, 1.0]], "spherical_59": [[0.502240109228363, 0.5437521437876116, 0.6723752514843617, -0.8404691219329834], [0.8647282074052414, -0.31581499683988645, -0.3905201852513399, -0.8156281471252441], [1.1102230246251565e-16, 0.777556746416234, -0.6288127750790382, 2.2556002140045166], [0.0, 0.0, 0.0, 1.0]], "spherical_60": [[0.9904271991374718, 0.1340414114515279, 0.03296760872105911, -0.04120955616235733], [0.13803609386208612, -0.9617648254014708, -0.2365469454712445, -0.20106216073036193], [2.0122792321330962e-16, 0.2388332485994376, -0.971060595103848, 3.4760680198669434], [0.0, 0.0, 0.0, 1.0]], "spherical_61": [[0.9664364097401877, 0.15940092876818468, 0.20147458856227057, -0.25184330344200134], [-0.25690594763161106, 0.5996391392575935, 0.7579130799385352, -0.23910144567489622], [1.6653345369377348e-16, -0.784234815969205, 0.6204641435423545, 3.416090965270996], [0.0, 0.0, 0.0, 1.0]], "spherical_62": [[0.9939348537313366, -0.076210240585212, -0.079281181676427, 0.09910140931606293], [0.10997048030297274, 0.688803159904405, 0.7165589301429717, 0.11431532800197601], [1.5959455978986625e-16, -0.7209314850494816, 0.6930063447504281, 3.484837055206299], [0.0, 0.0, 0.0, 1.0]], "spherical_63": [[0.30483500365510646, -0.15953722355395766, -0.9389480788879041, 1.1736851930618286], [-0.9524051766693582, -0.05106285782199166, -0.300527809036801, 0.2393053114414215], [5.551115123125783e-17, 0.9858704067227831, -0.1675098240350531, 1.7620874643325806], [0.0, 0.0, 0.0, 1.0]], "spherical_64": [[0.35790869120520646, 0.4242835003450804, 0.8317961770137576, -1.0397453308105469], [0.9337565896740843, -0.16262777043584192, -0.31882728792136183, -0.6364248991012573], [5.551115123125783e-17, 0.8908062188927475, -0.4543834068075184, 1.894771695137024], [0.0, 0.0, 0.0, 1.0]], "spherical_65": [[0.9721709656368381, -0.2194436980771798, 0.08202485566551806, -0.10253104567527771], [0.2342725198838684, 0.9106351524641648, -0.3403821463059273, 0.32916558980941774], [1.8041124150158794e-16, 0.3501258094896444, 0.9367026836351122, 3.430427312850952], [0.0, 0.0, 0.0, 1.0]], "spherical_66": [[0.7080360636507788, -0.6176838225313053, 0.3422741999523562, -0.4278426170349121], [0.7061762758475467, 0.6193105563634758, -0.34317561423686815, 0.9265256881713867], [5.551115123125783e-17, 0.48468663088626374, 0.8746878699514031, 2.770090341567993], [0.0, 0.0, 0.0, 1.0]], "spherical_67": [[0.28243294322073986, 0.9418876076399118, 0.18187734096922092, -0.22734655439853668], [-0.9592870438944073, 0.27731020751507574, 0.05354826070261558, -1.4128314971923828], [1.3877787807814457e-17, -0.1895963696443303, 0.9818621169073031, 1.7060823440551758], [0.0, 0.0, 0.0, 1.0]], "spherical_68": [[0.37455399800199185, 0.18991993573541932, 0.9075459881410848, -1.1344324350357056], [0.9272051027581352, -0.07672010326342918, -0.36661249729724815, -0.2848803162574768], [-5.551115123125783e-17, 0.9787974477722665, -0.2048305549338209, 1.9363850355148315], [0.0, 0.0, 0.0, 1.0]], "spherical_69": [[0.2994054399923086, 0.8046031007155631, -0.5128062332128127, 0.6410079002380371], [-0.9541259783189074, 0.25248505004901944, -0.1609189765028727, -1.2069045066833495], [5.551115123125783e-17, 0.5374617659151633, 0.8432881181300697, 1.7485135793685913], [0.0, 0.0, 0.0, 1.0]], "spherical_70": [[0.9371830317289352, 0.006562431238424898, -0.3487762886659621, 0.4359704256057739], [-0.3488380212066362, 0.017630530015811448, -0.9370171820046845, -0.009843603149056435], [1.942890293094024e-16, 0.9998230337952826, 0.01881225909872291, 3.3429574966430664], [0.0, 0.0, 0.0, 1.0]], "spherical_71": [[0.6019885635734856, -0.5241515205845692, 0.6023910298100524, -0.7529887557029724], [0.7985047083935896, 0.3951551163753865, -0.45413947711647284, 0.7862274169921875], [1.1102230246251565e-16, 0.7543988450887493, 0.6564163179939703, 2.5049712657928467], [0.0, 0.0, 0.0, 1.0]], "spherical_72": [[0.3878268549632501, 0.17864744709267222, 0.9042540683992444, -1.1303175687789917], [-0.9217322445099305, 0.07516746643706906, 0.380472760418033, -0.26797150969505307], [5.551115123125783e-17, -0.9810376861449835, 0.19381707448854188, 1.969567060470581], [0.0, 0.0, 0.0, 1.0]], "spherical_73": [[0.17483095614489508, 0.4264435984905224, -0.887457037878407, 1.1093213558197021], [-0.9845984647425885, 0.07572177363231947, -0.15758196668563956, -0.6396653652191162], [-1.1102230246251565e-16, 0.9013390429269279, 0.43311422245819853, 1.4370774030685425], [0.0, 0.0, 0.0, 1.0]], "spherical_74": [[0.24136835193840322, 0.7084319240208491, 0.6632235880234184, -0.829029381275177], [0.9704335725244356, -0.17620273123553631, -0.1649584154343094, -1.0626479387283325], [1.1102230246251565e-16, 0.6834301767797901, -0.7300158857632789, 1.6034209728240967], [0.0, 0.0, 0.0, 1.0]], "spherical_75": [[0.5421612617294335, 0.8162918080880529, 0.19932097312697955, -0.24915148317813873], [-0.8402744589001553, 0.5266871936006403, 0.12860573011002635, -1.2244377136230469], [6.938893903907228e-17, -0.23720936774381202, 0.9714585507650756, 2.355403184890747], [0.0, 0.0, 0.0, 1.0]], "spherical_76": [[0.0732649696730715, -0.23513392405070127, -0.9691977517407494, 1.211497187614441], [0.9973125108103298, 0.017273502165021104, 0.07119959202236431, 0.3527007222175598], [0.0, -0.971809479210547, 0.235767546783958, 1.1831623315811157], [0.0, 0.0, 0.0, 1.0]], "spherical_77": [[0.9955266040130702, 0.047439371178044934, -0.08170854768281771, 0.10213565826416016], [0.0944816421438769, -0.49985536887130727, 0.8609400847377979, -0.07115907222032547], [2.42861286636753e-16, -0.8648087165800087, -0.5021014675613277, 3.488816499710083], [0.0, 0.0, 0.0, 1.0]], "spherical_78": [[0.1849525375973211, 0.5243850656230442, -0.831151527573539, 1.038939356803894], [-0.9827474542507408, 0.09868898479015997, -0.15642226646093604, -0.7865776777267456], [1.6653345369377348e-16, 0.8457427429381843, 0.5335908664579976, 1.462381362915039], [0.0, 0.0, 0.0, 1.0]], "spherical_79": [[0.8135522466320672, 0.5494649444119742, 0.19031819897808555, -0.2378978729248047], [-0.5814918245340309, 0.7687441527318747, 0.2662699488125461, -0.8241973400115966], [1.3877787807814457e-16, -0.32729299183285016, 0.9449229055838904, 3.0338807106018066], [0.0, 0.0, 0.0, 1.0]], "spherical_80": [[0.089218813405324, -0.27484638261200545, 0.9573397877972278, -1.1966747045516968], [0.9960120497938497, 0.024619650063936405, -0.08575470538800395, 0.4122695803642273], [1.1102230246251565e-16, 0.9611728974517668, 0.2759468448889668, 1.223046898841858], [0.0, 0.0, 0.0, 1.0]], "spherical_81": [[0.9842752895332212, -0.12262175844057367, -0.1271458169631827, 0.15893228352069855], [0.1766413157058494, 0.6832691791831563, 0.708477998503893, 0.18393260836601258], [1.6653345369377348e-16, -0.7197965915002081, 0.6941850379147353, 3.4606881141662598], [0.0, 0.0, 0.0, 1.0]], "spherical_82": [[0.11339213911233448, -0.5377817411855393, 0.8354238574729469, -1.0442798137664795], [0.9935503121571293, 0.06137607855629157, -0.09534544663235334, 0.8066726446151733], [1.6653345369377348e-16, 0.8408470585240229, 0.5412727816651217, 1.283480167388916], [0.0, 0.0, 0.0, 1.0]], "spherical_83": [[0.64060910014335, 0.5909605815332957, 0.49029131328971787, -0.6128641366958618], [-0.7678671635208314, 0.4930211165957288, 0.40903569254671834, -0.8864408969879151], [1.1102230246251565e-16, -0.6385105869635442, 0.7696130393486522, 2.60152268409729], [0.0, 0.0, 0.0, 1.0]], "spherical_84": [[0.991814089965847, -0.0651574180697232, -0.10981494349908008, 0.13726860284805298], [-0.12769029307358817, -0.5060999058879415, -0.8529701485485871, 0.09773613810539246], [1.734723475976807e-16, 0.8600101139700073, -0.5102769873992908, 3.4795353412628174], [0.0, 0.0, 0.0, 1.0]], "spherical_85": [[0.2873196552018936, -0.505068057916747, 0.8138511366379422, -1.0173139572143555], [0.9578347538770271, 0.15150419178960028, -0.24412919558200136, 0.7576019525527954], [1.6653345369377348e-16, 0.8496780194534783, 0.527301871092465, 1.7182989120483398], [0.0, 0.0, 0.0, 1.0]], "spherical_86": [[0.997199926360436, 0.06554748334619873, 0.035997698450332044, -0.04499710351228714], [0.07478172816097015, -0.8740630522103376, -0.48002236811841115, -0.09832117259502411], [1.3877787807814457e-16, 0.4813702402389749, -0.8765173653797577, 3.492999792098999], [0.0, 0.0, 0.0, 1.0]], "spherical_87": [[0.9228589560601606, -0.17380291421950061, 0.34369156845689364, -0.42961451411247253], [-0.3851380885079411, -0.4164625124412095, 0.8235457658877282, 0.2607044219970703], [1.1102230246251565e-16, -0.8923852994866984, -0.45127428162929434, 3.307147264480591], [0.0, 0.0, 0.0, 1.0]], "spherical_88": [[0.6588278716207864, 0.7447453693681066, 0.10630225952625402, -0.13287803530693054], [0.7522937162941244, -0.6522173400799657, -0.09309514339314336, -1.1171180248260497], [1.8041124150158794e-16, 0.14130419704940467, -0.9899662236138278, 2.6470696926116943], [0.0, 0.0, 0.0, 1.0]], "spherical_89": [[0.8778070018679195, -0.4387253578775181, 0.19228865756174485, -0.24036073684692383], [-0.47901447522142204, -0.8039761029431861, 0.35237417388996184, 0.6580880641937256], [1.5265566588595902e-16, -0.4014255675110032, -0.915891649568042, 3.1945176124572754], [0.0, 0.0, 0.0, 1.0]], "spherical_90": [[0.22024596698874693, 0.06128972595866261, 0.973516966219441, -1.2168961763381958], [0.9754443674680746, -0.013838631305319538, -0.21981077830353024, -0.09193470776081085], [1.6653345369377348e-16, 0.9980240787553715, -0.06283262070368029, 1.5506150722503662], [0.0, 0.0, 0.0, 1.0]], "spherical_91": [[0.7138387474217585, -0.45388968792562673, 0.5333089103644455, -0.6666359901428223], [0.7003101046531708, 0.46265796272773385, -0.5436114116216545, 0.6808345556259155], [1.6653345369377348e-16, 0.761532507985969, 0.6481267154504589, 2.784597158432007], [0.0, 0.0, 0.0, 1.0]], "spherical_92": [[0.19148587247688137, 0.19348922213183906, 0.9622344213135298, -1.2027931213378906], [-0.981495369648664, 0.03774898350060557, 0.18772813748317946, -0.2902335226535797], [1.1102230246251565e-16, -0.9803759152302178, 0.19713717264005065, 1.4787147045135498], [0.0, 0.0, 0.0, 1.0]], "spherical_93": [[0.501207904066708, 0.669632599401869, -0.5480719101717891, 0.6850898861885071], [-0.8653268959769236, 0.38785937800077663, -0.31744994250400027, -1.0044488668441771], [1.1102230246251565e-16, 0.6333697851296245, 0.7738492846057644, 2.2530198097229004], [0.0, 0.0, 0.0, 1.0]], "spherical_94": [[0.9699128816364908, 0.24297526466402336, 0.015232294543052811, -0.01904042810201645], [0.24345225822653305, -0.968012541076473, -0.06068540420126531, -0.36446285247802734], [1.726049858596923e-16, 0.06256789176660235, -0.99804071005139, 3.4247822761535645], [0.0, 0.0, 0.0, 1.0]], "spherical_95": [[0.46529772789843465, 0.359242771593953, -0.8089763009322644, 1.0112203359603882], [0.8851542376402852, -0.1888426200525431, 0.4252533838068039, -0.5388640522956848], [5.551115123125783e-17, -0.913938234187183, -0.4058533036588643, 2.1632444858551025], [0.0, 0.0, 0.0, 1.0]], "spherical_96": [[0.9995870144729477, 0.021150275945438977, 0.019454210970654327, -0.024317806586623192], [0.028736744719243024, -0.735697149907987, -0.6767007485737006, -0.03172546774148941], [1.8735013540549517e-16, 0.6769803316527722, -0.736001107713367, 3.4989676475524902], [0.0, 0.0, 0.0, 1.0]], "spherical_97": [[0.6381329731871295, -0.7409667996047398, -0.2091757883094113, 0.26146984100341797], [0.7699261708315637, 0.6141307631536097, 0.17336982787385713, 1.1114500522613524], [1.249000902703301e-16, -0.2716829174458241, 0.9623868205498897, 2.595332622528076], [0.0, 0.0, 0.0, 1.0]], "spherical_98": [[0.6320518081592243, 0.7461648687637968, 0.20916142193378073, -0.2614518105983734], [-0.7749261331266711, 0.6085933024147437, 0.17059800835080474, -1.1192473411560058], [1.1102230246251565e-16, -0.2699114315449094, 0.9628851536509314, 2.580129384994507], [0.0, 0.0, 0.0, 1.0]], "spherical_99": [[0.4149097290427297, -0.023090734146960945, -0.9095695326594022, 1.1369619369506836], [-0.909862581242733, -0.010529689258379826, -0.41477609489751643, 0.03463555499911308], [5.551115123125783e-17, 0.99967791995256, -0.02537826549084221, 2.0372743606567383], [0.0, 0.0, 0.0, 1.0]], "spherical_100": [[0.4106001116572482, -0.6535476931660897, 0.6358324945017655, -0.7947905659675598], [0.9118155231772791, 0.29429939386452, -0.28632205375052894, 0.9803215742111205], [1.6653345369377348e-16, 0.6973258058671417, 0.7167542957469746, 2.0265002250671387], [0.0, 0.0, 0.0, 1.0]]}, "fov": 90, "img_size": [640, 480]}