{"transform": {"suv_medium_01_body-000": [[0.9825503611417504, -0.1599934379502649, -0.09485192477261876, 374.1611057684823], [0.18599674142364914, 0.8451847545021296, 0.5010668048643404, 166.08716336775296], [-9.238859339248686e-17, -0.5099655190010688, 0.8601948438754852, 9.433443944985274], [0.0, 0.0, 0.0, 1.0]], "suv_medium_01_body-001": [[-0.7466658430370919, 0.5282459285223924, 0.4042849958151108, 367.966951477673], [-0.6651993076076588, -0.5929398708630621, -0.4537975216979335, 179.0302849824392], [-3.1879087524914203e-17, -0.6077652083991074, 0.794116774447933, 10.313641146470605], [0.0, 0.0, 0.0, 1.0]], "suv_medium_01_body-002": [[-0.986494202945271, -0.04799809619844959, -0.1566057799594217, 373.1531476937371], [0.16379617686434086, -0.2890778317212844, -0.9431886447853082, 176.2955266356626], [3.151504273526385e-16, -0.9561015583967245, 0.2930355098471086, 13.448668298794814], [0.0, 0.0, 0.0, 1.0]], "suv_medium_01_body-003": [[-0.7060587979985136, -0.5373322282129033, -0.46125378078954615, 377.5571548794687], [0.7081532134848322, -0.5357430284202073, -0.45988958862997825, 178.51551340476485], [-1.8948689220568432e-16, -0.6513474372582586, 0.7587796228003877, 10.705881210120324], [0.0, 0.0, 0.0, 1.0]], "suv_medium_01_body-004": [[-0.5413529241031999, 0.7308836951149186, 0.41562727987955467, 366.1432115767029], [-0.8407954635729875, -0.4705853476521118, -0.2676049682091608, 177.9290942775546], [2.8603137586714944e-17, -0.49432626350448317, 0.8692764492436778, 9.292690646458807], [0.0, 0.0, 0.0, 1.0]], "suv_medium_01_body-005": [[0.7685859381057994, 0.5948002725009548, 0.23555952873704417, 367.3679623785235], [-0.6397465558688288, 0.7145878648848324, 0.28299916539330694, 167.26253537106345], [1.4392520262008117e-17, -0.36820757622858147, 0.9297436102538557, 8.157622462291743], [0.0, 0.0, 0.0, 1.0]], "suv_medium_01_body-006": [[0.7955294866137951, 0.6058530081232705, 0.008658433806191817, 367.26848776101303], [-0.6059148751499602, 0.7954482589595497, 0.01136799851466686, 166.53479182876546], [9.518128524528775e-19, -0.01428985186087222, 0.9998978948541668, 4.972362944601529], [0.0, 0.0, 0.0, 1.0]], "suv_medium_01_body-007": [[-0.7981796286597516, 0.3844915090659322, 0.4637623958977088, 369.2607412496845], [-0.6024195219218754, -0.5094345033009614, -0.6144649757747969, 178.27873667723102], [-8.483550722830232e-17, -0.769832947010392, 0.6382454337457457, 11.772250794905478], [0.0, 0.0, 0.0, 1.0]], "suv_medium_01_body-008": [[0.12099959425530367, -0.24193229026463192, -0.9627189959263097, 374.89855543852036], [0.9926525566330104, 0.029490387914347847, 0.11735083651431459, 173.42841266063402], [-1.7083137135689022e-16, -0.9698448762291686, 0.24372303143533405, 13.572358155830981], [0.0, 0.0, 0.0, 1.0]], "suv_medium_01_body-009": [[0.43699768305082304, -0.866971031337445, -0.23957098286290632, 380.52390410458463], [0.8994626312461302, 0.4212118645126604, 0.11639390098091851, 169.90291937374064], [-2.6568891492955602e-18, -0.2663490116659996, 0.9638766539264996, 7.240895381254008], [0.0, 0.0, 0.0, 1.0]], "suv_medium_01_body-010": [[-0.6989180342260364, -0.6131337277937728, -0.36821272829075946, 378.2393683723263], [0.7152017767271086, -0.5991738746907711, -0.3598292462466541, 179.08639101795865], [3.2521584644143115e-17, -0.5148375469308352, 0.8572877581478928, 9.477292195326182], [0.0, 0.0, 0.0, 1.0]], "suv_medium_01_body-011": [[-0.9145844767185215, 0.25804176483662267, 0.3113674397645157, 370.39878894694544], [-0.40439489975209647, -0.5835904275976292, -0.7041924295751184, 178.94613999482488], [7.868580775186771e-17, -0.7699588693017424, 0.638093519465276, 11.773384094892414], [0.0, 0.0, 0.0, 1.0]], "suv_medium_01_body-012": [[-0.6785218844647527, -0.7104010791643594, -0.18691805430325487, 379.11477453800705], [0.7345801877959961, -0.656187965546193, -0.17265370418831855, 179.59951783906934], [-5.3933005080796444e-17, -0.25445561615822504, 0.9670844530885284, 7.133854822463896], [0.0, 0.0, 0.0, 1.0]], "suv_medium_01_body-013": [[0.41388110073957446, 0.8869100609100538, 0.205165733754745, 364.7389742853608], [-0.9103309477605374, 0.4032328167788659, 0.0932784059790012, 170.06473080304056], [-1.4205500058857526e-18, -0.225374886198765, 0.9742721183893613, 6.872128252420222], [0.0, 0.0, 0.0, 1.0]], "suv_medium_01_body-014": [[0.532863385963516, -0.836884384498467, -0.12522435418926714, 380.2531242832224], [0.8462012833241846, 0.5269964198494391, 0.07885532046968523, 168.95085837640272], [1.0652249173758267e-17, -0.1479841222851147, 0.988989736828196, 6.175611377595161], [0.0, 0.0, 0.0, 1.0]], "suv_medium_01_body-015": [[-0.9573307957183927, 0.2842564767170365, 0.05211528579607129, 370.16285653916054], [-0.2889943729022925, -0.9416359090688322, -0.17263854489344163, 182.16854932851734], [-6.455017996388479e-17, -0.1803332198917633, 0.9836055763381322, 6.466753256116452], [0.0, 0.0, 0.0, 1.0]], "suv_medium_01_body-016": [[0.2863243885986244, -0.7808747780562371, -0.5552053003072344, 379.7490378262758], [0.9581327384520497, 0.23335335953581762, 0.165915234682423, 171.5936459171118], [1.145844106768326e-16, -0.5794659529161051, 0.8149964474836869, 10.058947850957988], [0.0, 0.0, 0.0, 1.0]], "suv_medium_01_body-017": [[-0.8059113670500501, -0.28691377416876507, -0.5178680861491214, 375.3033887935358], [0.5920362053620699, -0.39056238431301343, -0.7049497538833633, 177.20888760747144], [-7.70350156283958e-17, -0.8747236764555812, 0.48462200718501336, 12.71626735946729], [0.0, 0.0, 0.0, 1.0]], "suv_medium_01_body-018": [[0.7520318273718365, -0.5828129819310961, -0.30785899160550756, 377.96648164976045], [0.6591267940387313, 0.6649614547332703, 0.3512522357213356, 167.70917307705193], [3.304623898325827e-17, -0.46707097085089405, 0.8842198302392925, 9.047393002981476], [0.0, 0.0, 0.0, 1.0]], "suv_medium_01_body-019": [[-0.9355920276349129, -0.18474454205820642, -0.30089368887648005, 374.3838657055137], [0.3530829333541801, -0.4895323573324289, -0.7973020213812095, 178.09961736442352], [1.3562873427189011e-16, -0.8521898411177281, 0.5232327156206321, 12.513462842514901], [0.0, 0.0, 0.0, 1.0]], "suv_medium_01_body-020": [[-0.9988633730105422, 0.04625583627839455, 0.011504767194029965, 372.30486230218327], [-0.047665103146877476, -0.9693309695373507, -0.24109232554724191, 182.41780486700588], [-5.300830535310009e-17, -0.24136666941805807, 0.970433991003012, 7.016054300155693], [0.0, 0.0, 0.0, 1.0]], "suv_medium_01_body-021": [[0.41901495172365116, 0.8510778394566585, 0.3163747483883825, 365.0614642772273], [-0.9079793335930207, 0.392756009546848, 0.14600084497293156, 170.15902206760506], [-5.909542441288307e-17, -0.3484382702152884, 0.9373317298850912, 7.979698708233475], [0.0, 0.0, 0.0, 1.0]], "suv_medium_01_body-022": [[-0.5934185946185698, -0.36733152041970896, -0.7161856782057754, 376.02714850989094], [0.8048940126258373, -0.270819947952448, -0.5280172196340873, 176.13120568165385], [-4.6426031164373324e-17, -0.8897888007258679, 0.4563725343431851, 12.851853479495489], [0.0, 0.0, 0.0, 1.0]], "suv_medium_01_body-023": [[0.22487232885982378, -0.2763976790970546, -0.9343643607838008, 375.20874393855917], [0.9743882366455165, 0.06378791066277677, 0.215635495083992, 173.11973495599534], [-1.3481246449213398e-16, -0.9589240978529213, 0.2836627831721334, 13.47407115344921], [0.0, 0.0, 0.0, 1.0]], "suv_medium_01_body-024": [[0.9942998313561038, 0.034112007192702534, 0.10101592117338852, 372.41415676373725], [-0.10662009831745248, 0.3181160356646347, 0.9420373360370561, 170.8307818332528], [8.02248402824035e-16, -0.9474378917999331, 0.31993974617371024, 13.3706952963856], [0.0, 0.0, 0.0, 1.0]], "suv_medium_01_body-025": [[0.7360657484692111, 0.3955597569540095, 0.5493083766054772, 369.1611270175715], [-0.676910048625709, 0.4301280342310967, 0.5973128662920567, 169.82267384567223], [-1.0233980085037531e-16, -0.8114939019160754, 0.584360887768015, 12.147199391202676], [0.0, 0.0, 0.0, 1.0]], "suv_medium_01_body-026": [[0.9939097082044362, -0.1047449333738132, -0.03423435218443013, 373.66386922733363], [0.11019751329758837, 0.9447309930154124, 0.3087715318793825, 165.1912472254883], [-1.3077665582675676e-16, -0.3106635636321519, 0.9505199367879518, 7.639726347061151], [0.0, 0.0, 0.0, 1.0]], "suv_medium_01_body-027": [[0.7733829175908226, -0.6228199770246065, -0.11821226246788287, 378.32654461838086], [0.6339391633104134, 0.7598179113115964, 0.1442146971406737, 166.85546495350647], [-6.2902534978351915e-18, -0.18647256599605172, 0.9824601682159172, 6.522007371050558], [0.0, 0.0, 0.0, 1.0]], "suv_medium_01_body-028": [[-0.4777242712260372, -0.868279623319135, -0.1336787807033425, 380.53568143451815], [0.8785098295873254, -0.4721611942183969, -0.07269309453246312, 177.94327689765115], [-2.684952358724915e-17, -0.15216537846382122, 0.9883550463254396, 6.213242683546808], [0.0, 0.0, 0.0, 1.0]], "suv_medium_01_body-029": [[0.8715161516505952, -0.39351003713698274, -0.2925909227651932, 376.2627551596482], [0.490366798847696, 0.6993751493930637, 0.5200142334583668, 167.39944981200765], [-1.4639857546442439e-16, -0.5966776777154313, 0.8024809959844031, 10.213853373224556], [0.0, 0.0, 0.0, 1.0]], "suv_medium_01_body-030": [[0.03090673708532849, 0.6014411000869526, 0.7983190945536343, 367.3081949328376], [-0.9995222726896775, 0.01859746647033377, 0.024685231174660434, 173.52644895354794], [1.1691783097245581e-16, -0.7987006556696199, 0.6017285622545426, 12.032060171809666], [0.0, 0.0, 0.0, 1.0]], "suv_medium_01_body-031": [[0.739680281763171, -0.6529200011317904, -0.16299862849980862, 378.59744482834816], [0.6729584539707899, 0.7176550759654108, 0.17915945738454475, 167.23493047894706], [-2.8013042180670644e-18, -0.24221202295332725, 0.9702233433271211, 7.0236624808533215], [0.0, 0.0, 0.0, 1.0]], "suv_medium_01_body-032": [[-0.9341258907587277, -0.27035631397074683, -0.2330585413804108, 375.1543716531568], [0.35694372135424046, -0.7075256335985131, -0.6099169267915172, 180.06155685198348], [-8.452594358279959e-19, -0.6529279755816668, 0.7574200015201779, 10.72010605636799], [0.0, 0.0, 0.0, 1.0]], "suv_medium_01_body-033": [[-0.9973522253736774, 0.03506241132234325, 0.0637115833615568, 372.4056031267217], [-0.07272233867371006, -0.480864265328525, -0.8737740095630473, 178.02160453364075], [-5.676728536483223e-16, -0.8760937082540434, 0.4821408656789832, 12.728597641477812], [0.0, 0.0, 0.0, 1.0]], "suv_medium_01_body-034": [[-0.07246503402651443, 0.61613721792968, 0.7842982516399041, 367.17592986888167], [-0.9973709534789632, -0.044766096612836495, -0.05698401311345208, 174.09672102097903], [-6.35156099514321e-17, -0.7863656434992086, 0.6177613412346841, 11.92104506685947], [0.0, 0.0, 0.0, 1.0]], "suv_medium_01_body-035": [[0.8791692506520196, 0.2747210637019064, 0.3893453041536003, 370.24867525591605], [-0.47650963128562934, 0.5068655402861211, 0.7183494242793631, 169.13203629096185], [7.213564956005485e-18, -0.8170775123750206, 0.5765278300056713, 12.197451886267434], [0.0, 0.0, 0.0, 1.0]], "suv_medium_01_body-036": [[-0.8993814156477129, -0.3922431428571547, -0.19302431470946257, 376.25135311281974], [0.4371648078099562, -0.8069638424654126, -0.39710991899717235, 180.95650073156935], [3.849283061672727e-17, -0.44153671855803617, 0.8972431811749819, 8.817584743794434], [0.0, 0.0, 0.0, 1.0]], "suv_medium_01_body-037": [[0.08204977688714965, -0.4034610697738922, -0.9113105943034326, 376.35231445238486], [0.9966282326488495, 0.033215887000927764, 0.07502580048205175, 173.39488316891513], [-5.1699039347422564e-17, -0.9143937171851348, 0.4048260490289032, 13.073297724114134], [0.0, 0.0, 0.0, 1.0]], "suv_medium_01_body-038": [[-0.9999936974297832, -0.003167528730474339, -0.0016037027320103985, 372.7496725867475], [0.0035503662784335355, -0.892163939855917, -0.45169779645251373, 181.7233016055081], [7.192504113565363e-15, -0.45170064332753523, 0.8921695628172318, 8.909060065507033], [0.0, 0.0, 0.0, 1.0]], "suv_medium_01_body-039": [[-0.670237016816849, 0.34685574998089563, 0.6561047401091092, 369.59946308003487], [-0.7421471156640382, -0.31324727702398736, -0.5925316887294776, 176.51305164331853], [-1.2261162493345444e-16, -0.8840629118689733, 0.46736791487836676, 12.800320480551605], [0.0, 0.0, 0.0, 1.0]], "suv_medium_01_body-040": [[0.8476874971780455, -0.36973117131522304, -0.38042708642510487, 376.048745368782], [0.5304959067966698, 0.5907990754036789, 0.6078902412229835, 168.37663447497007], [2.1661240625359106e-16, -0.7171159693243704, 0.6969538625619122, 11.297797999497288], [0.0, 0.0, 0.0, 1.0]], "suv_medium_01_body-041": [[0.538068706262056, 0.8393889729811449, 0.07686494245841963, 365.16666407617737], [-0.8429009831181106, 0.5358268026593507, 0.04906699716082061, 168.87138493075398], [4.390085164469027e-18, -0.09119095124800562, 0.995833425031759, 5.664472838702304], [0.0, 0.0, 0.0, 1.0]], "suv_medium_01_body-042": [[0.14708330868643946, 0.26282957561785486, 0.9535654746719745, 370.35569864851396], [-0.9891241076355635, 0.039082905071372714, 0.14179572005294272, 173.34208000610218], [-1.5559502935645862e-16, -0.9640503828699621, 0.26571951243422004, 13.520207720580064], [0.0, 0.0, 0.0, 1.0]], "suv_medium_01_body-043": [[-0.8619051477883326, 0.4689905974458206, 0.19278831843082436, 368.5002494527669], [-0.5070695378505523, -0.7971794399568427, -0.3276971533201379, 180.86844110852397], [-1.2824279494344644e-16, -0.3802009468919126, 0.9249039085129293, 8.265562798732768], [0.0, 0.0, 0.0, 1.0]], "suv_medium_01_body-044": [[0.13690548084107035, -0.9275695391900775, -0.3476659881011983, 381.0692906764817], [0.9905841152146926, 0.12819643665376645, 0.04804981075510631, 172.54005822233995], [2.5697722444334773e-17, -0.35097068765921763, 0.9363864460808987, 8.00249046525434], [0.0, 0.0, 0.0, 1.0]], "suv_medium_01_body-045": [[-0.9721286166575326, -0.1279369717999122, -0.19646395069371003, 373.87259757359595], [0.23444818761404843, -0.5304847637378354, -0.8146287269465158, 178.46818902196244], [2.6475392367050737e-16, -0.8379845145876392, 0.5456940106976789, 12.385614904083495], [0.0, 0.0, 0.0, 1.0]], "suv_medium_01_body-046": [[-0.43053162392541344, -0.717481042654235, -0.5475979129178074, 379.1784942060187], [0.9025754931307113, -0.34224093250988796, -0.26120609356333163, 176.77399454131145], [5.2902990121891507e-17, -0.6067059399301729, 0.7949263503328128, 10.304107732240867], [0.0, 0.0, 0.0, 1.0]], "suv_medium_01_body-047": [[0.7677953453406864, -0.6359902658656366, -0.07750283476966072, 378.4450772173082], [0.6406951753159816, 0.7621570828480076, 0.09287773356105913, 166.8344124103826], [-5.060970760675294e-18, -0.12096678382420697, 0.9926565555171778, 5.932455331712846], [0.0, 0.0, 0.0, 1.0]], "suv_medium_01_body-048": [[0.9616401150085392, 0.190840085230899, 0.19704910828376504, 371.0036040634105], [-0.27431421619442864, 0.6690119238282789, 0.6907783700791605, 167.6727188452148], [-4.2761047814904707e-17, -0.7183335629390072, 0.6956988517709022, 11.308756335794465], [0.0, 0.0, 0.0, 1.0]], "suv_medium_01_body-049": [[0.9907410088914977, -0.13493972784600267, -0.014950690602909317, 373.9356223782975], [0.135765434852385, 0.9847154561177639, 0.10910186607994955, 164.83138705025274], [-9.660302280766879e-18, -0.11012147988304175, 0.9939181352950397, 5.8348475965272435], [0.0, 0.0, 0.0, 1.0]], "suv_medium_01_body-050": [[0.9982578182768708, -0.03266627561133088, -0.049134943642856546, 373.0151613085742], [0.05900278170647651, 0.552675044800803, 0.8313055795586413, 168.7197507504067], [9.45680869267905e-16, -0.8327563925255183, 0.5536395855679803, 12.338561807708409], [0.0, 0.0, 0.0, 1.0]], "suv_medium_01_body-051": [[0.17117221224398999, -0.981056012121091, -0.09071479943515408, 381.5506689338932], [0.9852411246773545, 0.1704451059988255, 0.01576045956026268, 172.1598201982121], [6.573403864825062e-18, -0.09207370374928396, 0.9957521946136444, 5.672417611419263], [0.0, 0.0, 0.0, 1.0]], "suv_medium_01_body-052": [[0.5753314355410828, 0.4834922017254053, 0.6597189023735464, 368.3697350149042], [-0.8179203746565046, 0.340092105675221, 0.46405131222652246, 170.6329972021134], [-1.1169304625349114e-16, -0.8065808394253574, 0.5911238021530564, 12.102981829080946], [0.0, 0.0, 0.0, 1.0]], "suv_medium_01_body-053": [[-0.2851085997220066, 0.9582045434980763, 0.023603795970145298, 364.0973239412481], [-0.9584952197922308, -0.2850221367856376, -0.007021052456193594, 176.25902538133326], [3.691826442222549e-18, -0.024625888040695498, 0.9996967368348301, 5.065387270243167], [0.0, 0.0, 0.0, 1.0]], "suv_medium_01_body-054": [[0.42319032528687067, -0.7442779063631337, -0.5166820557008952, 379.41966598267845], [0.9060408095574904, 0.3476346826490931, 0.241330020585653, 170.5651140090698], [-3.2227410383104684e-17, -0.5702635579441971, 0.8214617912482756, 9.976126297361173], [0.0, 0.0, 0.0, 1.0]], "suv_medium_01_body-055": [[-0.9573205798226861, 0.24039289254479898, 0.16046359294837115, 370.5576287979051], [-0.2890282122007397, -0.7962304493528284, -0.5314882539392916, 180.85990018711766], [-1.3176860948092366e-18, -0.5551831488232846, 0.8317281234049155, 9.840402611357279], [0.0, 0.0, 0.0, 1.0]], "suv_medium_01_body-056": [[-0.46749157561210847, -0.883794976350169, -0.018922645425845794, 380.67531961076185], [0.8839975264285009, -0.4673844594127654, -0.01000701592527974, 177.90028628390579], [-1.6111106891088009e-18, -0.02140576739201576, 0.9997708703109722, 5.036406184410803], [0.0, 0.0, 0.0, 1.0]], "suv_medium_01_body-057": [[-0.4401604059930961, -0.60285898623706, -0.6654471126312125, 378.1468956992573], [0.8979191594993355, -0.2955217664434823, -0.32620249625367836, 176.3535220471207], [1.0195307033508267e-16, -0.7410991352520582, 0.6713956149161624, 11.513646489033576], [0.0, 0.0, 0.0, 1.0]], "suv_medium_01_body-058": [[0.8758633441371663, 0.4749269972218473, 0.08548537715129617, 368.44682185569474], [-0.4825592216473123, 0.8620105664704723, 0.1551592114455206, 165.93573105791802], [2.1936070493083457e-18, -0.17715002287071577, 0.9841838595490707, 6.43810448289719], [0.0, 0.0, 0.0, 1.0]], "suv_medium_01_body-059": [[-0.07435487342120606, 0.9653109529452505, 0.2502920632430222, 364.0333662558176], [-0.9972318450583679, -0.07197481114749885, -0.018662094249184517, 174.34159945163228], [-4.2796883042034236e-18, -0.25098683368697744, 0.9679905006330308, 7.102635780101421], [0.0, 0.0, 0.0, 1.0]], "suv_medium_01_body-060": [[-0.9228097777002311, 0.3831120950083486, 0.040586165612983255, 369.273155974933], [-0.3852559073925414, -0.9176746688239582, -0.09721670647573026, 181.9528981666748], [2.7403086132372742e-17, -0.10534858735243106, 0.9944353549340689, 5.79189156366565], [0.0, 0.0, 0.0, 1.0]], "suv_medium_01_body-061": [[-0.5431047174042936, -0.7609087191695463, -0.35504251439083007, 379.5693432969858], [0.8396649724343646, -0.4921642898797267, -0.22964547858379855, 178.1233047581176], [1.0492516197538304e-16, -0.42283830580843157, 0.9062051462781786, 8.649299028196374], [0.0, 0.0, 0.0, 1.0]], "suv_medium_01_body-062": [[-0.44005017198542773, 0.8121014299664032, 0.38320635900532557, 365.41225196147406], [-0.8979731878712167, -0.39796886895199735, -0.18778959824620872, 177.2755459707201], [-7.471396319200135e-18, -0.4267458808138527, 0.9043715791688776, 8.684467203751687], [0.0, 0.0, 0.0, 1.0]], "suv_medium_01_body-063": [[0.36429543354964244, -0.9164781942326834, -0.1653981758994876, 380.9694685725065], [0.9312834354238659, 0.3585039832205661, 0.06469974435892319, 170.46729030410586], [-1.6384252264832006e-17, -0.17760240288630066, 0.9841023252126844, 6.442175903238148], [0.0, 0.0, 0.0, 1.0]], "suv_medium_01_body-064": [[-0.7967331056543764, -0.35369968760250775, -0.49001315221555103, 375.90446201415443], [0.6043313316007473, -0.46630753005323805, -0.6460192946509542, 177.89059391885084], [-7.487560515621773e-17, -0.810835259720208, 0.5852744498049296, 12.14127160983926], [0.0, 0.0, 0.0, 1.0]], "suv_medium_01_body-065": [[0.9811997375805512, 0.19296396407099242, 0.0034617252731236154, 370.984489152566], [-0.19299501281602546, 0.981041883654514, 0.017599646125585303, 164.86444920388018], [-4.756824510343461e-18, -0.017936863873386912, 0.9998391215162508, 5.005186052759774], [0.0, 0.0, 0.0, 1.0]], "suv_medium_01_body-066": [[-0.20033878146696862, -0.7314670021002544, -0.6517824771185524, 379.30436784305533], [0.9797266826213982, -0.14957356014023185, -0.13327932122668634, 175.03998819204955], [-1.9018064834948977e-17, -0.6652697009074158, 0.7466031241928721, 10.831181582488295], [0.0, 0.0, 0.0, 1.0]], "suv_medium_01_body-067": [[-0.567664860842125, 0.522817816427907, 0.6359387836817675, 368.0158044843848], [-0.8232597438020948, -0.36050020086938256, -0.4385008545123305, 176.938327956648], [5.736932667445359e-17, -0.7724643266835627, 0.6350581579676855, 11.79593321216847], [0.0, 0.0, 0.0, 1.0]], "suv_medium_01_body-068": [[-0.6839517380647995, -0.6729284259380796, -0.2817398686069096, 378.7775206574877], [0.7295272578856393, -0.63088878659241, -0.26413882515415366, 179.37182522705822], [3.1746773050477074e-18, -0.3861951223364366, 0.9224171114433779, 8.319510376642413], [0.0, 0.0, 0.0, 1.0]], "suv_medium_01_body-069": [[0.9954312490613281, 0.04451569666340627, 0.08446881757652122, 372.32052355898713], [-0.09548103681990483, 0.46409545820151776, 0.8806240839793782, 169.51696703579907], [-3.4501596491691656e-17, -0.884665902150238, 0.4662255265134087, 12.805747382096621], [0.0, 0.0, 0.0, 1.0]], "suv_medium_01_body-070": [[-0.3001617605539082, 0.6123338656342705, 0.7314028674393951, 367.2101600426702], [-0.9538883150040042, -0.1926842044970342, -0.23015186255202638, 175.42798399045378], [-1.195740663130711e-17, -0.766759437069239, 0.6419345493625216, 11.74458920512013], [0.0, 0.0, 0.0, 1.0]], "suv_medium_01_body-071": [[-0.7743890030465865, -0.6326126451802864, -0.011086618894628834, 378.4146786320269], [0.6327097849413377, -0.7742701113137462, -0.013569184414881584, 180.66225715002673], [5.138854367124734e-18, -0.01752243944774261, 0.9998464702722114, 5.001456232946104], [0.0, 0.0, 0.0, 1.0]], "suv_medium_01_body-072": [[0.02958168709228161, -0.9989871583633374, -0.033905474689471485, 381.7120492409496], [0.9995623661326862, 0.029564664026165408, 0.0010034202736741264, 173.42774417574782], [7.963776880215852e-19, -0.0339203193700179, 0.9994245403900367, 5.149037151898951], [0.0, 0.0, 0.0, 1.0]], "suv_medium_01_body-073": [[-0.38411907573477566, -0.9231454261202084, -0.01597053192602849, 381.02947365437456], [0.9232835618902036, -0.38406160630015485, -0.006644314071680953, 177.15038060461265], [3.1035196775046578e-18, -0.01729753738205045, 0.9998503864081446, 4.999432114265324], [0.0, 0.0, 0.0, 1.0]], "suv_medium_01_body-074": [[-0.9254245396460175, 0.14577024430449154, 0.3497720075940408, 371.40923263001775], [-0.37893194827166116, -0.3559989117963226, -0.8542103683396014, 176.8978163563935], [1.6099906556064995e-16, -0.9230470251700307, 0.38468713173793184, 13.151177500928997], [0.0, 0.0, 0.0, 1.0]], "suv_medium_01_body-075": [[-0.6820037211595146, -0.6678197214202931, -0.29814047696798346, 378.7315423177], [0.731348702278588, -0.6227611174441607, -0.27802457854500023, 179.29867620555825], [2.3268384672160083e-17, -0.40765844806875, 0.9131344861071549, 8.512680308614346], [0.0, 0.0, 0.0, 1.0]], "suv_medium_01_body-076": [[0.82623581741938, 0.524457650990036, 0.20561747574401962, 368.001045972662], [-0.5633243950099525, 0.7692294170216871, 0.30158204518032306, 166.77076140337806], [2.81850373570811e-17, -0.365007227745546, 0.9310046851082496, 8.128819325349845], [0.0, 0.0, 0.0, 1.0]], "suv_medium_01_body-077": [[-0.572316313027576, -0.25963383619091757, -0.7778459416538145, 375.05786935289126], [0.8200329492419934, -0.18120330409082305, -0.5428732124023501, 175.32465588772035], [2.1046664923262363e-16, -0.9485544969538422, 0.3166139073203252, 13.380744746860925], [0.0, 0.0, 0.0, 1.0]], "suv_medium_01_body-078": [[-0.9313410936485764, 0.3164396712053571, 0.1801935120056199, 369.8732077885802], [-0.3641480018913656, -0.8093227696526358, -0.46086102812053126, 180.9777310753206], [4.000779131512471e-17, -0.49483592130041704, 0.868986427391572, 9.297277567761489], [0.0, 0.0, 0.0, 1.0]], "suv_medium_01_body-079": [[-0.9581433608034711, -0.12324226313304629, -0.2584040338811967, 373.83034519503855], [0.2862888404186053, -0.4124637062997744, -0.8648192821839855, 177.4059995037951], [7.710942612898673e-17, -0.9025990447387471, 0.43048224636644605, 12.967145670760079], [0.0, 0.0, 0.0, 1.0]], "suv_medium_01_body-080": [[-0.3734930423385205, -0.17601881908776115, -0.9107800627218771, 374.3053341991348], [0.9276329809384293, -0.07087049037800992, -0.3667075486935935, 174.3316605646747], [-5.2294668279550466e-17, -0.9818323425720558, 0.18975049691494766, 13.680245356425749], [0.0, 0.0, 0.0, 1.0]], "suv_medium_01_body-081": [[-0.4745491354863805, -0.8226773504372832, -0.3130576545727965, 380.12526096769847], [0.8802290145235663, -0.44352187782124813, -0.16877566733621574, 177.6855230442261], [-6.837851259570304e-17, -0.35565477779920984, 0.9346173971356379, 8.044647271949252], [0.0, 0.0, 0.0, 1.0]], "suv_medium_01_body-082": [[0.1291907000686549, 0.6068328308107586, 0.7842599559240365, 367.2596693545894], [-0.9916197673583209, 0.07905969688960097, 0.10217534591061378, 172.98228888008813], [9.452992137410951e-17, -0.7908877795097894, 0.6119612081023391, 11.961744288765011], [0.0, 0.0, 0.0, 1.0]], "suv_medium_01_body-083": [[0.5362266011232278, 0.4842814943284133, 0.6913265990100986, 368.3626313834812], [-0.844074067986827, 0.30765619930720994, 0.4391886050206809, 170.92492036054585], [1.1422764764565127e-16, -0.8190354676562434, 0.5737428890375188, 12.215073479718047], [0.0, 0.0, 0.0, 1.0]], "suv_medium_01_body-084": [[-0.8198116170632114, -0.4107413641869713, -0.39899930360093183, 376.41783710363114], [0.5726333141969674, -0.5880386865739461, -0.5712281423075949, 178.9861743275687], [-1.690342357163453e-16, -0.6967797606404871, 0.7172851351880825, 11.114772119954543], [0.0, 0.0, 0.0, 1.0]], "suv_medium_01_body-085": [[-0.7247935869612819, -0.5590697594260953, -0.402635393867761, 377.75279266018936], [0.6889660777569524, -0.5881424200379385, -0.4235731783908401, 178.98710792897106], [-5.133180930139435e-18, -0.5844052513856849, 0.811461953607706, 10.103401537500272], [0.0, 0.0, 0.0, 1.0]], "suv_medium_01_body-086": [[-0.5772796875521109, 0.8135756061169505, 0.06959091514826744, 365.39898437538454], [-0.8165464851064738, -0.5751793440614357, -0.049199185209913524, 178.87044024657766], [-8.869704742658924e-18, -0.08522590742545796, 0.9963616535693789, 5.61078744458737], [0.0, 0.0, 0.0, 1.0]], "suv_medium_01_body-087": [[0.6492109355008191, -0.5042040356405356, -0.5694764715683595, 377.2590011468313], [0.7606084151691663, 0.43035912715832647, 0.4860718675724528, 169.82059400900104], [-4.3094425777836863e-17, -0.7487117683830812, 0.6628956840142189, 11.582160190287306], [0.0, 0.0, 0.0, 1.0]], "suv_medium_01_body-088": [[0.1986407490982591, 0.558223480194856, 0.8055609219400016, 367.69715351040594], [-0.980072371204128, 0.11314055321639957, 0.16327082537981047, 172.67556117346993], [-2.2231472370414395e-16, -0.8219402419744576, 0.5695737341406902, 12.241216449919406], [0.0, 0.0, 0.0, 1.0]], "suv_medium_01_body-089": [[0.46515523391781666, -0.865684045423615, -0.18499119400086544, 380.5123212333185], [0.8852291276041822, 0.45488501461510317, 0.09720604466675954, 169.5998610220132], [4.041544091239525e-17, -0.20897549372503438, 0.9779208776902035, 6.72453372062947], [0.0, 0.0, 0.0, 1.0]], "suv_medium_01_body-090": [[0.2538922229480619, -0.933572481056888, -0.25294497769233926, 381.1233171527431], [0.9672325155444742, 0.24505668356821492, 0.06639640586700585, 171.48831600080092], [-2.387590214944496e-18, -0.26151413814903807, 0.9651996454351637, 7.197381519945706], [0.0, 0.0, 0.0, 1.0]], "suv_medium_01_body-091": [[0.3101856815642861, 0.174663207846966, 0.9344932352762679, 371.1491959584303], [-0.9506759926244581, 0.05698894953752895, 0.3049055864986892, 173.18092560605672], [2.1231811026900907e-16, -0.982977631207962, 0.1837252746488176, 13.69055295401102], [0.0, 0.0, 0.0, 1.0]], "suv_medium_01_body-092": [[0.9384372310805463, 0.3424186207922839, 0.04566236367718121, 369.63939724230397], [-0.34544979855527064, 0.930202836159181, 0.12404483173247764, 165.32200062956], [-6.904289384506487e-18, -0.13218234275471838, 0.991225417482761, 6.03339536230582], [0.0, 0.0, 0.0, 1.0]], "suv_medium_01_body-093": [[-0.5556091565051271, -0.719622043417456, -0.41646438003188996, 379.19776320720587], [0.8314436031431484, -0.4808848068999225, -0.2783008036013606, 178.021789405866], [-8.64272200682351e-17, -0.500893119458143, 0.8655091466180416, 9.351792344944064], [0.0, 0.0, 0.0, 1.0]], "suv_medium_01_body-094": [[0.5907061494664891, 0.737217426645828, 0.32798888827546696, 366.08620799045127], [-0.8068867609413812, 0.5397025809488869, 0.24011430431075179, 168.83650292459086], [4.6398336204259827e-17, -0.40648688781658515, 0.9136566149452358, 8.502136267199708], [0.0, 0.0, 0.0, 1.0]], "suv_medium_01_body-095": [[-0.7707827738696326, -0.2478045970509036, -0.586929976390944, 374.95140620024586], [0.6370980423026231, -0.29980238834545814, -0.7100877498144326, 176.3920476450251], [-5.584936825766736e-17, -0.9212553444202093, 0.38895834015637404, 13.135052372560537], [0.0, 0.0, 0.0, 1.0]], "suv_medium_01_body-096": [[-0.9562532816311494, -0.09594381424130569, -0.27635926957221324, 373.5846591559997], [0.2925400166979851, -0.3136206398565153, -0.9033617397733491, 176.5164119091367], [2.534237964003211e-16, -0.944688773493588, 0.32796817107027354, 13.345953235866473], [0.0, 0.0, 0.0, 1.0]], "suv_medium_01_body-097": [[0.5564754201417842, -0.5393353736783437, -0.632022516590403, 377.5751831892574], [0.8308640723836992, 0.36122259782389743, 0.423300281175586, 170.44282277256303], [5.0111383114025207e-17, -0.7606810037858158, 0.6491258818437328, 11.689883309191327], [0.0, 0.0, 0.0, 1.0]], "suv_medium_01_body-098": [[-0.9748797591904415, 0.2017962482735988, 0.09427475432737528, 370.90499859493707], [-0.22273180087447525, -0.8832464746844558, -0.41263326312440435, 181.6430444184815], [-1.4562465830960976e-16, -0.4232658019970204, 0.9060055523338801, 8.653146493430935], [0.0, 0.0, 0.0, 1.0]], "suv_medium_01_body-099": [[-0.36807915434323146, 0.5991478242908499, 0.7110130946652901, 367.32883441215216], [-0.9297944590811305, -0.23718556540926874, -0.28146984105497674, 175.82849623927538], [6.803854995458141e-17, -0.7646992168225535, 0.6443873895344118, 11.726047226104525], [0.0, 0.0, 0.0, 1.0]]}, "obj_location": [372.72116482819047, 173.69382615161305, 4.843754277993593], "focal": 381.3611496301472, "bbox_dimensions": {"midsize_muscle_02_white": [[-1.02878, -2.46651, 0.0903587], [1.02878, 2.30112, 1.3817]], "midsize_sedan_01_body_sandy": [[-0.909733, -2.5228, 0.134504], [0.909733, 2.33222, 1.47009]], "suv_medium_01_body_grey": [[-0.933975, -2.3862626552581787, 0.1880354881286621], [0.933975, 2.334472417831421, 1.7391098737716675]]}, "obj_translations": {"midsize_muscle_02_white": [372.04919203986304, 168.52320503954797, 4.804915328090205], "midsize_sedan_01_body_sandy": [373.39127600706627, 178.86414105271584, 4.787442023759913], "suv_medium_01_body_grey": [370.42844489922, 178.39098848729574, 4.780991342233705]}, "obj_rotations": {"midsize_muscle_02_white": [[0.9869070982728313, -0.16128806320997932, 0.000734877319196314], [0.1612897373632326, 0.9868968543865413, -0.004496601299816363], [-1.5074097753357635e-20, 0.004556255910698977, 0.9999896202121682]], "midsize_sedan_01_body_sandy": [[0.9866498727440978, -0.16284903891802757, -0.001489676988619932], [0.16285585225608468, 0.9866085946504101, 0.009025095450303323], [6.409374574452037e-18, -0.009147211893113086, 0.9999581633821399]], "suv_medium_01_body_grey": [[0.9866540208522616, -0.1628242927121638, -0.0014466647325828282], [0.1628307192641023, 0.9866150798997252, 0.008765898607331696], [-3.7854628714784415e-18, -0.008884470566247532, 0.9999605323125296]]}, "fov": 80, "img_size": [640, 480]}
