{"transform": {"spherical_1": [[0.9875986284114971, -0.026932109790231973, 0.15467259169606148, -1.2373803456624348], [-0.1569998380882275, -0.16941491795752184, 0.9729592162129493, 0.24238863587379456], [3.0531133177191805e-16, -0.9851767592852022, -0.17154227748373566, 12.851183891296387], [0.0, 0.0, 0.0, 1.0]], "spherical_2": [[0.5992422509912986, -0.6334946890839601, 0.48948258756496976, -3.9158614476521807], [-0.8005677514282483, -0.47418445571964674, 0.366388287649839, 5.701451539993286], [1.1102230246251565e-16, -0.6114193167183054, -0.7913067794122082, 8.19090747833252], [0.0, 0.0, 0.0, 1.0]], "spherical_3": [[0.22851581412445077, 0.3911439458043348, -0.8915082368411719, 7.132066090901692], [-0.9735402008623164, 0.09181190169256159, -0.2092607273535958, -3.5202949047088623], [0.0, 0.9157384934402457, 0.4017748270260209, 3.742189884185791], [0.0, 0.0, 0.0, 1.0]], "spherical_4": [[0.6082011667036202, 0.7225872647626814, 0.3285711271903571, -2.628567854563395], [-0.793782930542321, 0.5536506273491975, 0.25175313705192415, -6.503286123275757], [1.3877787807814457e-16, -0.4139307039090321, 0.9103083940958543, 8.29841423034668], [0.0, 0.0, 0.0, 1.0]], "spherical_5": [[0.9632402031531688, -0.2333597500029852, -0.1330847027572529, 1.0646773974100747], [-0.26864160331088355, -0.8367337382978665, -0.4771879505652212, 2.1002385020256042], [2.7755575615628914e-16, 0.4953987063695487, -0.8686657134521761, 12.558881759643555], [0.0, 0.0, 0.0, 1.0]], "spherical_6": [[0.9815871446464441, 0.02445423857747052, 0.1894430460070701, -1.5155444145202637], [-0.1910148618951958, 0.1256654376607208, 0.9735098973881565, -0.22008845955133438], [2.498001805406602e-16, -0.9917712377323392, 0.12802270113876035, 12.779046058654785], [0.0, 0.0, 0.0, 1.0]], "spherical_7": [[0.3543586207285729, 0.4126782198642008, 0.8391225505044289, -6.712980270385742], [-0.9351096020870193, 0.15638389817559845, 0.31798444690905975, -3.714104175567627], [5.551115123125783e-17, -0.8973520843242737, 0.4413153484288548, 5.252303600311279], [0.0, 0.0, 0.0, 1.0]], "spherical_8": [[0.20076165314714525, -0.9524687031631799, -0.22912469993493909, 1.8329957326253254], [-0.9796401168927421, -0.1951933042763435, -0.04695546123783158, 8.572219133377075], [-5.551115123125783e-17, 0.23388660384967197, -0.9722638821532285, 3.40913987159729], [0.0, 0.0, 0.0, 1.0]], "spherical_9": [[0.990628214274762, -0.06749769822616794, 0.1187425863663299, -0.9499409993489583], [-0.13658602081763765, -0.48954588369420565, 0.8612137288009656, 0.6074792593717575], [1.0408340855860843e-16, -0.8693611956443814, -0.4941772065846133, 12.88753890991211], [0.0, 0.0, 0.0, 1.0]], "spherical_10": [[0.8165376770943655, -0.39743967716966266, -0.41869789215687736, 3.3495823542277017], [-0.5772921460450833, -0.562149464538025, -0.5922176606909614, 3.5769578218460083], [2.498001805406602e-16, 0.7252790377026533, -0.68845502211046, 10.798452377319336], [0.0, 0.0, 0.0, 1.0]], "spherical_11": [[0.2740256286214875, 0.651282009395725, -0.7076310472951746, 5.661048253377278], [-0.9617223897043257, 0.18557118347779933, -0.20162683602152354, -5.861538290977478], [5.551115123125783e-17, 0.7357955423214495, 0.6772037506540289, 4.2883076667785645], [0.0, 0.0, 0.0, 1.0]], "spherical_12": [[0.8705989532989133, -0.18947207966019627, -0.4540460257992319, 3.6323680877685547], [-0.49199335616940654, -0.33527727999387225, -0.8034498634047271, 1.7052485346794128], [3.3306690738754696e-16, 0.9228702381966554, -0.38511105339998897, 11.447187423706055], [0.0, 0.0, 0.0, 1.0]], "spherical_13": [[0.873952531023897, -0.46686074311451775, 0.13508523255887206, -1.0806825160980225], [-0.4860112894953411, -0.8395157415053042, 0.24291221922306697, 4.201746582984924], [2.3592239273284576e-16, -0.2779466968743466, -0.9605964988988043, 11.487430572509766], [0.0, 0.0, 0.0, 1.0]], "spherical_14": [[0.5065445539505188, 0.4776319793257928, -0.7178302774252387, 5.742642084757486], [-0.8622137872146733, 0.28060543859042797, -0.4217202543990549, -4.298687696456909], [1.6653345369377348e-16, 0.8325432602326434, 0.5539600345162105, 7.0785346031188965], [0.0, 0.0, 0.0, 1.0]], "spherical_15": [[0.5188946615840476, -0.800205035599654, -0.30069956963809186, 2.4055981636047363], [-0.8548381894718888, -0.4857318335319737, -0.18252741085680937, 7.201844930648804], [2.7755575615628914e-17, 0.3517619747707591, -0.9360894792194687, 7.226735591888428], [0.0, 0.0, 0.0, 1.0]], "spherical_16": [[0.8609762411889924, 0.09163160456108069, -0.5003234565295093, 4.002587636311849], [-0.5086451730903125, 0.1551034761419189, -0.8468901933430446, -0.8246849477291107], [1.1102230246251565e-16, 0.9836394465119092, 0.18014838124652985, 11.331714630126953], [0.0, 0.0, 0.0, 1.0]], "spherical_17": [[0.3292491049706078, 0.47967980200798316, -0.8133279255144483, 6.506622950236002], [-0.9442430973409623, 0.16726004768089653, -0.28360015792261223, -4.317119121551514], [5.551115123125783e-17, 0.8613543777072052, 0.5080045629761937, 4.950989246368408], [0.0, 0.0, 0.0, 1.0]], "spherical_18": [[0.31324119901765457, -0.6829953446423355, -0.6598464294325459, 5.278770446777344], [-0.9496736024750726, -0.22527980152513194, -0.21764434241857775, 6.14695930480957], [5.551115123125783e-17, 0.6948139104981238, -0.719189564564382, 4.758894443511963], [0.0, 0.0, 0.0, 1.0]], "spherical_19": [[0.9069006501615883, 0.4188607276925541, 0.045682617409169374, -0.3654611508051554], [-0.42134452736031647, 0.9015545274821816, 0.09832712362258872, -3.769746780395508], [2.5326962749261384e-16, -0.10842105318269321, 0.9941050624691314, 11.882807731628418], [0.0, 0.0, 0.0, 1.0]], "spherical_20": [[0.6222744019332167, 0.4626783067767194, 0.6314296105955797, -5.05143674214681], [-0.7827991879777708, 0.3677991380915079, 0.5019454405814304, -4.1641048192977905], [0.0, -0.8066303852802544, 0.5910561915271916, 8.467292785644531], [0.0, 0.0, 0.0, 1.0]], "spherical_21": [[0.7140134793136748, 0.2996045314100748, 0.6327889664943047, -5.062312126159668], [-0.7001319528191673, 0.3055447948474119, 0.6453352826115061, -2.696440279483795], [2.7755575615628914e-16, -0.9038138652953952, 0.42792580770479066, 9.568161964416504], [0.0, 0.0, 0.0, 1.0]], "spherical_22": [[0.9975365437964557, -0.006763771870280953, -0.06982188181872888, 0.5585749546686808], [-0.07014872622237517, -0.09618292416485134, -0.9928887154704081, 0.06087416969239712], [1.3877787807814457e-16, 0.9953406936768866, -0.09642045172480136, 12.970438957214355], [0.0, 0.0, 0.0, 1.0]], "spherical_23": [[0.9820043044842769, -0.1614174682889757, 0.09804053705243022, -0.784323771794637], [-0.18885853429048796, -0.8393194899782308, 0.5097796070541969, 1.4527570009231567], [2.3592239273284576e-16, -0.5191215605942989, -0.8547004184661079, 12.784051895141602], [0.0, 0.0, 0.0, 1.0]], "spherical_24": [[0.951264181291839, 0.03430881887830539, -0.3064626605939835, 2.4517016410827637], [-0.3083771350005825, 0.10583388584014082, -0.9453585199366474, -0.30877943336963654], [1.942890293094024e-16, 0.993791775753428, 0.1112560400376012, 12.415169715881348], [0.0, 0.0, 0.0, 1.0]], "spherical_25": [[0.037784717257222815, -0.9991353462465432, 0.017345749409929657, -0.13876433173815408], [-0.9992859026033499, -0.03777902446263976, 0.0006558725939807743, 8.992218017578125], [-4.5102810375396984e-17, -0.017358144815953408, -0.9998493360544619, 1.4534165859222412], [0.0, 0.0, 0.0, 1.0]], "spherical_26": [[0.610089120909085, -0.1596150457367585, 0.776089106818819, -6.208712895711263], [-0.7923327991118252, -0.12290214799458152, 0.5975816241066472, 1.4365350008010864], [1.1102230246251565e-16, -0.9794989020885989, -0.2014494993968204, 8.32106876373291], [0.0, 0.0, 0.0, 1.0]], "spherical_27": [[0.4297102149935604, 0.15634667269080244, -0.8893283134302556, 7.11462656656901], [-0.9029668494082095, 0.07440335420898786, -0.4232198125705645, -1.4071203768253326], [2.7755575615628914e-16, 0.9848958619168663, 0.17314774378845663, 6.156522750854492], [0.0, 0.0, 0.0, 1.0]], "spherical_28": [[0.12581773813228628, -0.9779109853740641, 0.16691315543120902, -1.3353052139282227], [-0.9920533739528715, -0.12402412158957651, 0.02116885666866858, 8.801198959350586], [8.326672684688674e-17, -0.16825017666754938, -0.9857443269181616, 2.509812831878662], [0.0, 0.0, 0.0, 1.0]], "spherical_29": [[0.29244438300112396, -0.22918928562894325, -0.9284118451441616, 7.427295684814453], [-0.9562825329635025, -0.07008924341482548, -0.2839211424083201, 2.0626999139785767], [1.6653345369377348e-16, 0.9708551742203533, -0.23966691613480584, 4.509332656860352], [0.0, 0.0, 0.0, 1.0]], "spherical_30": [[0.9468016900342433, 0.3186286243246294, 0.04519247182103377, -0.3615403572718302], [-0.32181758769262553, 0.9374196176375044, 0.13295826683608086, -2.8676571249961853], [2.8796409701215e-16, -0.1404288440077373, 0.9900907735004153, 12.361620903015137], [0.0, 0.0, 0.0, 1.0]], "spherical_31": [[0.993877330696977, -0.11030303228253538, -0.006410350686953837, 0.05128281811873118], [-0.11048914664640944, -0.9922031857444101, -0.057662697404754625, 0.9927267730236053], [2.5326962749261384e-16, 0.05801792195453078, -0.9983155416660999, 12.926527976989746], [0.0, 0.0, 0.0, 1.0]], "spherical_32": [[0.8503106360192622, -0.10206139204764458, -0.5162899326210175, 4.130319277445475], [-0.5262811247541734, -0.16490024647108645, -0.8341679006298776, 0.9185534119606018], [2.220446049250313e-16, 0.9810154845704894, -0.1939294176573737, 11.203727722167969], [0.0, 0.0, 0.0, 1.0]], "spherical_33": [[0.9394197034781854, 0.34046671505182813, -0.039661526178094056, 0.317291796207428], [-0.3427690486566113, 0.9331097476616087, -0.10869948528825132, -3.0642006397247314], [1.8388068845354155e-16, 0.11570918183405501, 0.9932831344784294, 12.273036003112793], [0.0, 0.0, 0.0, 1.0]], "spherical_34": [[0.9967717750632311, 0.02653647034312359, -0.07577495746632855, 0.6061995824178059], [-0.08028716234427132, 0.3294524787712289, -0.9407523775118497, -0.2388281151652336], [1.8041124150158794e-16, 0.9437991735391708, 0.33051946996626164, 12.961261749267578], [0.0, 0.0, 0.0, 1.0]], "spherical_35": [[0.9975729035698526, -0.05482119081916678, 0.0429294665746258, -0.34343572457631427], [-0.06962974984310522, -0.7854133416515282, 0.6150427470449243, 0.4933907836675644], [1.0408340855860843e-16, -0.6165391470076728, -0.7873242535366555, 12.970874786376953], [0.0, 0.0, 0.0, 1.0]], "spherical_36": [[0.9869981216431147, -0.06599449978308788, -0.14655863629054172, 1.172468662261963], [-0.16073178861993442, -0.4052493155458246, -0.8999657128894846, 0.5939505994319916], [1.6653345369377348e-16, 0.9118210999138051, -0.41058772723010034, 12.843977928161621], [0.0, 0.0, 0.0, 1.0]], "spherical_37": [[0.938165938758338, 0.16411073252712505, 0.3048152535932164, -2.438522179921468], [-0.3461858913267356, 0.4447411153920071, 0.826051250786649, -1.476996660232544], [2.220446049250313e-16, -0.8804958874119083, 0.47405378624235894, 12.257990837097168], [0.0, 0.0, 0.0, 1.0]], "spherical_38": [[0.10627962715065054, 0.8953006032165416, 0.43259850985967996, -3.4607871373494463], [-0.9943362815731502, 0.09569419929751055, 0.04623828898315385, -8.057705640792847], [2.7755575615628914e-17, -0.4350625818211735, 0.9004002165143535, 2.275355577468872], [0.0, 0.0, 0.0, 1.0]], "spherical_39": [[0.4175769358689881, -0.6180464015700348, 0.6660691766900779, -5.328553517659505], [-0.9086415699439835, -0.2840305034782637, 0.30609993541916536, 5.56241762638092], [1.6653345369377348e-16, -0.7330384155009992, -0.6801872399566056, 6.010923385620117], [0.0, 0.0, 0.0, 1.0]], "spherical_40": [[0.5532598697728434, -0.7908555071710406, 0.26163157927928493, -2.093052864074707], [-0.8330087133391442, -0.5252629509151919, 0.17376799445504476, 7.117699384689331], [1.942890293094024e-16, -0.3140802432072117, -0.9493964402855632, 7.639118671417236], [0.0, 0.0, 0.0, 1.0]], "spherical_41": [[0.5421941008285079, -0.6260963423541104, 0.5603828397779241, -4.483061472574869], [-0.8402532695721963, -0.40400407313801845, 0.3616008183911163, 5.634868025779724], [1.1102230246251565e-16, -0.6669213439219768, -0.745128123896357, 7.50632905960083], [0.0, 0.0, 0.0, 1.0]], "spherical_42": [[0.3246117202084182, 0.5819838828361976, -0.7456017644978012, 5.96481450398763], [-0.945847361419025, 0.19973496469621022, -0.2558880864254373, -5.237854242324829], [0.0, 0.7882897335350161, 0.615304230444821, 4.895340919494629], [0.0, 0.0, 0.0, 1.0]], "spherical_43": [[0.09406962188388018, -0.3381714360869423, -0.936371179636323, 7.49096934000651], [-0.9955656212619155, -0.03195335239108105, -0.08847642077043799, 3.043544054031372], [0.0, 0.9405418986339027, -0.3396776956382823, 2.128835439682007], [0.0, 0.0, 0.0, 1.0]], "spherical_44": [[0.7394957224478546, -0.4558113950802208, -0.4953605238574716, 3.9628842671712237], [-0.6731612559270815, -0.5007278329478378, -0.5441742008126047, 4.102302432060242], [1.6653345369377348e-16, 0.7358720061439936, -0.6771206617535865, 9.87394905090332], [0.0, 0.0, 0.0, 1.0]], "spherical_45": [[0.8135359859467811, -0.06280486208386382, 0.5781130934931553, -4.624904632568359], [-0.5815145738239059, -0.0878636885429467, 0.8087773319437368, 0.5652434527873993], [2.7755575615628914e-16, -0.994150653338947, -0.10800221509647427, 10.762432098388672], [0.0, 0.0, 0.0, 1.0]], "spherical_46": [[0.1468306937372258, -0.20443725020101328, 0.9678048140544111, -7.742438634236653], [-0.9891616386499453, -0.030346570368130155, 0.143660496623975, 1.839933156967163], [-5.551115123125783e-17, -0.9784091661452996, -0.20667729338962126, 2.7619683742523193], [0.0, 0.0, 0.0, 1.0]], "spherical_47": [[0.8067678591537739, 0.5744682056153176, 0.13824580345729706, -1.1059672037760415], [-0.5908685314318545, 0.7843749662434534, 0.1887598762823948, -5.170213937759399], [2.220446049250313e-16, -0.2339704961479088, 0.9722436972962598, 10.681214332580566], [0.0, 0.0, 0.0, 1.0]], "spherical_48": [[0.9167448189970872, 0.3857245257950514, 0.10390152569707828, -0.8312119642893473], [-0.3994733243184054, 0.8851929254251567, 0.23844191732003672, -3.471521258354187], [1.8735013540549517e-16, -0.26009628020684156, 0.965582686786877, 12.000937461853027], [0.0, 0.0, 0.0, 1.0]], "spherical_49": [[0.9095199929657882, -0.39753054233909096, -0.12142013961077786, 0.9713609218597412], [-0.41566017658119786, -0.8698499313688908, -0.2656834855651052, 3.5777753591537476], [6.938893903907228e-17, 0.2921139585934302, -0.9563835188850107, 11.914239883422852], [0.0, 0.0, 0.0, 1.0]], "spherical_50": [[0.4733115149746378, 0.4159764863310632, -0.7764919655811489, 6.211935679117838], [-0.8808951184973234, 0.22350726755648448, -0.4172149225004073, -3.7437883615493774], [1.6653345369377348e-16, 0.8814806090715195, 0.4722202196337034, 6.6797380447387695], [0.0, 0.0, 0.0, 1.0]], "spherical_51": [[0.6778250756912405, -0.19496543609256384, 0.7089017177954928, -5.671213785807291], [-0.7352232088040775, -0.1797446814710581, 0.6535584768930046, 1.754689335823059], [1.6653345369377348e-16, -0.9641993197529776, -0.26517856585307903, 9.13390064239502], [0.0, 0.0, 0.0, 1.0]], "spherical_52": [[0.3037042168005295, -0.7878669388521226, 0.5357512812503232, -4.286011695861816], [-0.9527663662711742, -0.2511408043753426, 0.17077630889596235, 7.090801477432251], [1.1102230246251565e-16, -0.5623112866033297, -0.8269256417347987, 4.644450664520264], [0.0, 0.0, 0.0, 1.0]], "spherical_53": [[0.7855909580746595, -0.5360133073163877, 0.3090899237618176, -2.4727182388305664], [-0.6187461891529826, -0.6805491735017956, 0.3924359512770003, 4.824120283126831], [2.7755575615628914e-16, -0.49954234737984965, -0.8662894684654947, 10.427091598510742], [0.0, 0.0, 0.0, 1.0]], "spherical_54": [[0.9384314140438901, -0.3447376910001658, -0.022414404731313578, 0.1793155272801717], [-0.3454656005097829, -0.9364541024117103, -0.0608870506815142, 3.1026395559310913], [2.255140518769849e-16, 0.06488172685858794, -0.9978929609531515, 12.261177062988281], [0.0, 0.0, 0.0, 1.0]], "spherical_55": [[0.3968791966940627, -0.6976521159912958, -0.5964632665004135, 4.771705945332845], [-0.9178708532421518, -0.30165857254156814, -0.25790541363202935, 6.27886962890625], [5.551115123125783e-17, 0.6498335407356652, -0.7600765549172984, 5.762550354003906], [0.0, 0.0, 0.0, 1.0]], "spherical_56": [[0.999626401631966, 0.02665840702505176, 0.0060321219495194835, -0.048257033030192055], [-0.027332346410932302, 0.974978404233674, 0.2206129056008085, -0.23992576450109482], [2.489328188026718e-16, -0.22069535702602608, 0.9753427907085563, 12.995516777038574], [0.0, 0.0, 0.0, 1.0]], "spherical_57": [[0.6640426878285334, 0.20598711098526035, -0.7187604739058786, 5.750083923339844], [-0.7476946627744891, 0.18294130163925224, -0.6383456519888573, -1.853884756565094], [1.6653345369377348e-16, 0.9613021326630262, 0.275496297139395, 8.968511581420898], [0.0, 0.0, 0.0, 1.0]], "spherical_58": [[0.7251006170520112, 0.19448023361763228, -0.6606107279501474, 5.284885724385579], [-0.6886429373418366, 0.20477627773965634, -0.695584344939058, -1.7503225207328796], [1.6653345369377348e-16, 0.9592935498621484, 0.28241084468001176, 9.701207160949707], [0.0, 0.0, 0.0, 1.0]], "spherical_59": [[0.7826542845679523, -0.5309583346390514, -0.3248623057923955, 2.5988985697428384], [-0.6224566417409543, -0.6676076495385183, -0.4084700177861628, 4.778625011444092], [1.942890293094024e-16, 0.5219035094296455, -0.853004529205455, 10.391851425170898], [0.0, 0.0, 0.0, 1.0]], "spherical_60": [[0.0538377516220393, -0.9528705764699175, -0.29856182106587353, 2.388495445251465], [-0.998549696560108, -0.05137491864517196, -0.01609724305334126, 8.57583475112915], [0.0, 0.29899545520306664, -0.9542545351047124, 1.6460530757904053], [0.0, 0.0, 0.0, 1.0]], "spherical_61": [[0.01810007847505618, -0.46961093621357525, -0.8826879152609977, 7.061503092447916], [-0.9998361801611286, -0.00850138749413959, -0.015979338267828214, 4.226498365402222], [1.1102230246251565e-16, 0.882832540745573, -0.46968788040646325, 1.2172009944915771], [0.0, 0.0, 0.0, 1.0]], "spherical_62": [[0.9444992000385841, -0.3239405757272236, 0.05462384574514652, -0.43699026107788086], [-0.3285137152790955, -0.9313511138323867, 0.15704725924605825, 2.9154651761054993], [3.469446951953614e-17, -0.16627569323472444, -0.986079304031533, 12.333990097045898], [0.0, 0.0, 0.0, 1.0]], "spherical_63": [[0.6198618335860306, 0.3431903200004258, -0.7056852779542517, 5.645481745402018], [-0.7847109705256861, 0.2710941850117505, -0.5574375620546672, -3.088713526725769], [1.6653345369377348e-16, 0.8992932486741021, 0.43734614767844915, 8.438342094421387], [0.0, 0.0, 0.0, 1.0]], "spherical_64": [[0.30371709392713697, -0.9461230898412671, 0.11228101231137991, -0.898246685663859], [-0.952762261456894, -0.3016006898767727, 0.03579241552899417, 8.515108108520508], [6.245004513516506e-17, -0.1178478796375583, -0.9930316597495428, 4.6446051597595215], [0.0, 0.0, 0.0, 1.0]], "spherical_65": [[0.8489326533926316, 0.06397456618220701, -0.5246147204239933, 4.196917533874512], [-0.5285010406836927, 0.10276251896958562, -0.8426900466311914, -0.5757707208395004], [2.7755575615628914e-16, 0.9926465229762426, 0.12104908270274511, 11.1871919631958], [0.0, 0.0, 0.0, 1.0]], "spherical_66": [[0.4855553871592622, -0.858615949802272, 0.16436123857455426, -1.3148886362711587], [-0.874205905951578, -0.47689634340042125, 0.09129026043718352, 7.727543592453003], [6.938893903907228e-17, -0.18801204322183818, -0.9821667229159977, 6.826664447784424], [0.0, 0.0, 0.0, 1.0]], "spherical_67": [[0.6822385736241472, -0.4526834928918197, 0.5741325490882319, -4.593061129252115], [-0.731129625072934, -0.42241229175045936, 0.5357399808851643, 4.0741506814956665], [1.6653345369377348e-16, -0.7852677957495692, -0.6191562718398429, 9.18686294555664], [0.0, 0.0, 0.0, 1.0]], "spherical_68": [[0.9905120582638354, -0.09329701938583865, 0.10090356092655425, -0.8072284857432047], [-0.13742584339905067, -0.6724486487843996, 0.7272736433517268, 0.8396734893321991], [1.8735013540549517e-16, -0.7342400703596568, -0.6788899167598871, 12.886144638061523], [0.0, 0.0, 0.0, 1.0]], "spherical_69": [[0.6510437979495514, 0.08463784200614133, 0.7543065748433904, -6.034452438354492], [-0.7590401657036495, 0.07259555501763232, 0.6469837032261775, -0.7617408335208893], [2.220446049250313e-16, -0.9937637149203152, 0.11150640747407572, 8.812525749206543], [0.0, 0.0, 0.0, 1.0]], "spherical_70": [[0.9115872248461278, 0.022151634601418557, -0.41050948415575084, 3.2840754191080728], [-0.41110671546124783, 0.049118991134593074, -0.910262925320253, -0.1993647962808609], [1.3877787807814457e-16, 0.9985472596699694, 0.05388293055871215, 11.939046859741211], [0.0, 0.0, 0.0, 1.0]], "spherical_71": [[0.2485926809437944, 0.40350268560746533, -0.88056076547206, 7.044485727945963], [-0.9686081142449599, 0.103558717821987, -0.22599538265612712, -3.631524682044983], [-5.551115123125783e-17, 0.9090991005773954, 0.41657991469749334, 3.983112096786499], [0.0, 0.0, 0.0, 1.0]], "spherical_72": [[0.7871764560466948, -0.055320634574667016, -0.6142416905714088, 4.913933436075846], [-0.6167278387147495, -0.07060991629872275, -0.7840031968522335, 0.49788379669189453], [2.220446049250313e-16, 0.9959688083020192, -0.08970023907134526, 10.446117401123047], [0.0, 0.0, 0.0, 1.0]], "spherical_73": [[0.9983448398897922, 0.035609719594970425, -0.04516113966445949, 0.36128926277160645], [-0.05751156983968737, 0.6181500506186585, -0.7839534005632763, -0.32048770040273666], [1.491862189340054e-16, 0.7852531202042546, 0.6191748841882094, 12.980137825012207], [0.0, 0.0, 0.0, 1.0]], "spherical_74": [[0.662041020442431, -0.6025169084580536, -0.44572980859899225, 3.565837542215983], [-0.7494676025363237, -0.5322323574220889, -0.39373472092435713, 5.422652721405029], [1.942890293094024e-16, 0.5947285874540382, -0.8039265558898554, 8.94449234008789], [0.0, 0.0, 0.0, 1.0]], "spherical_75": [[0.2691213865282643, 0.07799590911989696, 0.9599428719844038, -7.679543177286783], [-0.9631062658466638, 0.021794445691230735, 0.2682374374018427, -0.7019623070955276], [-1.1102230246251565e-16, -0.9967154259353935, 0.08098370022681856, 4.229456901550293], [0.0, 0.0, 0.0, 1.0]], "spherical_76": [[0.40850436845941873, -0.37913402160978316, -0.8302900545035838, 6.64232063293457], [-0.9127563645078416, -0.16968153833985533, -0.3715965481500723, 3.412206530570984], [5.551115123125783e-17, 0.9096513448594541, -0.4153726408845284, 5.902052402496338], [0.0, 0.0, 0.0, 1.0]], "spherical_77": [[0.9797633215060091, -0.15653929930514682, 0.12473684942536539, -0.9978947639465332], [-0.20015952096143869, -0.7662461575484165, 0.6105759512221023, 1.4088537096977234], [2.220446049250313e-16, -0.6231871900282782, -0.7820727115714108, 12.757160186767578], [0.0, 0.0, 0.0, 1.0]], "spherical_78": [[0.997602104808303, 0.03398635512921511, -0.060290697019310904, 0.4823255141576131], [-0.06921011835016229, 0.48988298560810256, -0.8690366044820254, -0.30587712675333023], [1.8388068845354155e-16, 0.8711254720628495, 0.4910604972132024, 12.97122573852539], [0.0, 0.0, 0.0, 1.0]], "spherical_79": [[0.8288998317232815, 0.5224266464524632, 0.19998866979293767, -1.5999096234639485], [-0.5593970584201491, 0.7741180487348219, 0.29633794501190064, -4.701839447021484], [1.249000902703301e-16, -0.3575075463531154, 0.9339102495960601, 10.946798324584961], [0.0, 0.0, 0.0, 1.0]], "spherical_80": [[0.9349762717379169, 0.23596747653014266, 0.26483715998149016, -2.1186973253885903], [-0.3547102638592022, 0.6219836693113878, 0.6980809006289154, -2.123707115650177], [1.6653345369377348e-16, -0.7466295367382266, 0.6652400580768277, 12.219715118408203], [0.0, 0.0, 0.0, 1.0]], "spherical_81": [[0.8688306800282928, 0.42013903661616475, 0.2619473980646027, -2.0955788294474282], [-0.49510933079631453, 0.7372708656137718, 0.45967208015665406, -3.781251311302185], [1.6653345369377348e-16, -0.5290698069521269, 0.8485783047966989, 11.425968170166016], [0.0, 0.0, 0.0, 1.0]], "spherical_82": [[0.14840268886390406, 0.6995903514430186, -0.6989635055607675, 5.591708501180013], [-0.9889270154758456, 0.10498357071116271, -0.10488950349186998, -6.296312570571899], [0.0, 0.7067897778325377, 0.7074236424883126, 2.780832290649414], [0.0, 0.0, 0.0, 1.0]], "spherical_83": [[0.9187482604762398, -0.31567086654181176, 0.2371782829194638, -1.8974262873331704], [-0.3948438094637974, -0.7345235066801991, 0.5518818571599721, 2.841038167476654], [1.942890293094024e-16, -0.6006888730041243, -0.7994828815234475, 12.024978637695312], [0.0, 0.0, 0.0, 1.0]], "spherical_84": [[0.7378104365269375, -0.504851489790012, 0.4480633136162069, -3.5845066706339517], [-0.6750079701395606, -0.5518226666067826, 0.4897509416704067, 4.543663144111633], [1.942890293094024e-16, -0.6637896638814027, -0.7479193018796981, 9.85372543334961], [0.0, 0.0, 0.0, 1.0]], "spherical_85": [[0.7564910183085829, 0.056275255594399776, 0.651578418017531, -5.212627410888672], [-0.6540040819585482, 0.06509397507534395, 0.7536852361499775, -0.5064782202243805], [2.220446049250313e-16, -0.9962910568787997, 0.08604725436249851, 10.077892303466797], [0.0, 0.0, 0.0, 1.0]], "spherical_86": [[0.7157560728018424, -0.5127532920863161, -0.47410685051149437, 3.7928539911905923], [-0.6983503735570588, -0.5255331658098287, -0.48592349952087655, 4.61478066444397], [8.326672684688674e-17, 0.6788953918598533, -0.734235007958253, 9.589072227478027], [0.0, 0.0, 0.0, 1.0]], "spherical_87": [[0.9384549186518558, 0.18498366825212822, -0.2916906034450294, 2.3335250218709307], [-0.3454017453026821, 0.5025997572460008, -0.7925219986587895, -1.664853036403656], [1.942890293094024e-16, 0.8444966112994461, 0.5355608961675156, 12.261459350585938], [0.0, 0.0, 0.0, 1.0]], "spherical_88": [[0.6885035986692309, 0.41742750009232665, -0.5930573975478167, 4.74445915222168], [-0.7252329243901703, 0.39628693945291477, -0.5630220839358997, -3.7568482160568237], [1.1102230246251565e-16, 0.8177474816749437, 0.5755771505317837, 9.262042999267578], [0.0, 0.0, 0.0, 1.0]], "spherical_89": [[0.6005240106651569, -0.49183351750869775, -0.630452776716588, 5.043623288472493], [-0.7996067237177501, -0.36937888058346535, -0.473485300684479, 4.426499962806702], [0.0, 0.7884535710071503, -0.6150942743726953, 8.20628833770752], [0.0, 0.0, 0.0, 1.0]], "spherical_90": [[0.8769576420132741, -0.38923963264864925, -0.2818471260986406, 2.2547775904337564], [-0.48056767901568076, -0.7102988514018114, -0.5143250407891392, 3.503156304359436], [2.220446049250313e-16, 0.5864878942252881, -0.809957992692947, 11.523491859436035], [0.0, 0.0, 0.0, 1.0]], "spherical_91": [[0.39307464217095633, -0.913339484909411, -0.1063170305623069, 0.8505365053812662], [-0.9195065664160178, -0.39043831150732955, -0.04544886384862412, 8.220055103302002], [3.469446951953614e-17, 0.1156240036182681, -0.9932930533268027, 5.716895580291748], [0.0, 0.0, 0.0, 1.0]], "spherical_92": [[0.9473979778956562, 0.057832550137625977, 0.3147895608558212, -2.518316904703776], [-0.320057918944715, 0.17118914363246854, 0.9318032011230485, -0.520492672920227], [1.6653345369377348e-16, -0.9835393602937105, 0.1806940141594042, 12.368775367736816], [0.0, 0.0, 0.0, 1.0]], "spherical_93": [[0.9284681027219107, 0.23363759971961484, 0.2887221055361581, -2.30977725982666], [-0.37141214604260775, 0.5840548330136908, 0.7217568633586898, -2.102738320827484], [2.220446049250313e-16, -0.7773631223762848, 0.6290521250018898, 12.141616821289062], [0.0, 0.0, 0.0, 1.0]], "spherical_94": [[0.6008736673210149, 0.5638045344415399, 0.5666350526250142, -4.533080418904622], [-0.7993440034929857, 0.42381665063066704, 0.4259443751571428, -5.074240565299988], [2.220446049250313e-16, -0.7088750902601682, 0.7053340388841577, 8.210484504699707], [0.0, 0.0, 0.0, 1.0]], "spherical_95": [[0.7279250743272067, 0.32565054997915266, -0.603387773711074, 4.827102343241373], [-0.6856566824335126, 0.34572579378493395, -0.640584568457629, -2.930854618549347], [2.7755575615628914e-16, 0.8800144287510592, 0.47494694986908503, 9.735100746154785], [0.0, 0.0, 0.0, 1.0]], "spherical_96": [[0.946461126170202, -0.14546989057043047, -0.28818370458105347, 2.3054699897766113], [-0.322817807204982, -0.42649938566034845, -0.8449183021941902, 1.3092290461063385], [1.6653345369377348e-16, 0.8927131594015922, -0.4506253599512878, 12.35753345489502], [0.0, 0.0, 0.0, 1.0]], "spherical_97": [[0.9877920875357795, 0.13562937100738226, -0.07662548872176145, 0.6130041281382242], [-0.1557780209198555, 0.8600290254520149, -0.4858840227650532, -1.2206645607948303], [9.020562075079397e-17, 0.4918889601324668, 0.8706579413867426, 12.85350513458252], [0.0, 0.0, 0.0, 1.0]], "spherical_98": [[0.5080991269915979, 0.4724689869373008, 0.720144661531846, -5.761156717936197], [-0.8612985992966529, 0.2787199236008092, 0.42482929164263505, -4.2522218227386475], [0.0, -0.8361149804724228, 0.5485542265169416, 7.097189426422119], [0.0, 0.0, 0.0, 1.0]], "spherical_99": [[0.8352359892424313, 0.22834760684945646, 0.5002381560020619, -4.00190512339274], [-0.5498916641250504, 0.3468394808303096, 0.7598167754552041, -2.055129110813141], [1.6653345369377348e-16, -0.9097031081531421, 0.4152592624090553, 11.022831916809082], [0.0, 0.0, 0.0, 1.0]], "spherical_100": [[0.6577023322328263, 0.7084798473200985, -0.25589831597099494, 2.047186215718587], [-0.7532779315601256, 0.6185882108046231, -0.22343004112704717, -6.37631893157959], [1.6653345369377348e-16, 0.3397130132844857, 0.940529142879249, 8.892428398132324], [0.0, 0.0, 0.0, 1.0]]}, "fov": 90, "img_size": [800, 600]}